1757529958914 1053299475698.1449 0
1757529958991 3130768435022.8584 1
1757529959070 6787707736135515.0 2
1757529959145 2.0587746882427974e+19 3
1757529959221 6.244753972692407e+22 4
1757529959296 1.8941826355508976e+26 5
1757529959364 5.74550714501445e+29 6
1757529959439 1.7427491802447853e+33 7
1757529959510 5.2861734022545575e+36 8
1757529959585 1.603422314321704e+40 9
1757529959665 4.863561828993828e+43 10
1757529959756 1.4752341571629098e+47 11
1757529959840 4.474736612756077e+50 12
1757529959914 1.3572942069106804e+54 13
1757529959991 4.116996649281265e+57 14
1757529960079 1.2487831543002002e+61 15
1757529960158 3.787856778402299e+64 16
1757529960235 1.1489471910540438e+68 17
1757529960321 3.485030520049862e+71 18
1757529960401 1.057092773301167e+75 19
1757529960476 3.20641419045467e+78 20
1757529960551 9.725818036426978e+81 21
1757529960630 2.95007228820538e+85 22
1757529960707 8.948271983951905e+88 23
1757529960792 2.714224048641469e+92 24
1757529960877 8.232888092176799e+95 25
1757529960963 2.497231073176598e+99 26
1757529961047 7.574696707908102e+102 27
1757529961123 2.297585947615517e+106 28
1757529961196 6.969125484811891e+109 29
1757529961274 2.113901770397759e+113 30
1757529961352 6.411967620082817e+116 31
1757529961427 1.9449025180226083e+120 32
1757529961506 5.899352630482916e+123 33
1757529961590 1.789414180725594e+127 34
1757529961667 5.427719464736815e+130 35
1757529961748 1.6463566068274403e+134 36
1757529961846 4.993791765499416e+137 37
1757529961933 1.514735999099597e+141 38
1757529962009 4.5945551090450575e+144 39
1757529962089 1.3936380110197646e+148 40
1757529962166 4.227236064566014e+151 41
1757529962249 1.2822213949583667e+155 42
1757529962331 3.8892829276090126e+158 43
1757529962410 1.1797121581707878e+162 44
1757529962488 3.578347993807578e+165 45
1757529962568 1.0853981859982671e+169 46
1757529962656 3.292271249769561e+172 47
1757529962783 9.986242949254866e+175 48
1757529962874 3.0290653678223766e+179 49
1757529962955 9.187876811294205e+182 50
1757529963040 2.7869019003774816e+186 51
1757529963116 8.453337329011875e+189 52
1757529963195 2.5640985780083164e+193 53
1757529963289 7.777521778505411e+196 54
1757529963380 2.3591076230037955e+200 55
1757529963462 7.15573538128245e+203 56
1757529963538 2.1705049972133163e+207 57
1757529963624 6.583658690413516e+210 58
1757529963715 1.996980509490047e+214 59
1757529963800 6.057317584050901e+217 60
1757529963897 1.8373287140104163e+221 61
1757529964001 5.573055657863636e+224 62
1757529964083 1.6904405362419965e+228 63
1757529964164 5.127508824603337e+231 64
1757529964238 1.5552955683867556e+235 65
1757529964314 4.7175819443481936e+238 66
1757529964399 1.4309549807773804e+242 67
1757529964484 4.3404273230796086e+245 68
1757529964565 1.3165549999833913e+249 69
1757529964650 3.99342493022429e+252 70
1757529964736 1.2113009083204227e+256 71
1757529964821 3.67416419773659e+259 72
1757529964907 1.1144615230783244e+263 73
1757529964987 3.3804272742823745e+266 74
1757529965085 1.0253641171162324e+270 75
1757529965196 3.110173618193713e+273 76
1757529965295 9.433897455387198e+276 77
1757529965394 2.8615258221644984e+280 78
1757529965488 8.679689459883074e+283 79
1757529965591 2.632756571213445e+287 80
1757529965678 7.985777826849764e+290 81
1757529965769 2.4222766433135307e+294 82
1757529965864 7.347342067312225e+297 83
1757529965966 2.2286238693302103e+301 84
1757529966061 inf 85
1757529966152 inf 86
