1757530180978 1053303073707.1586 0
1757530181059 3133183835159.554 1
1757530181142 6793777485249740.0 2
1757530181216 2.0602420773489205e+19 3
1757530181294 6.248070099993928e+22 4
1757530181371 1.8948443445337516e+26 5
1757530181448 5.746470562213612e+29 6
1757530181526 1.7427248849040937e+33 7
1757530181602 5.285139794214941e+36 8
1757530181695 1.6028176843260894e+40 9
1757530181799 4.860844990326416e+43 10
1757530181890 1.4741423339059228e+47 11
1757530181997 4.470612876852243e+50 12
1757530182091 1.3557971326771888e+54 13
1757530182195 4.1117088766360555e+57 14
1757530182291 1.246952768872178e+61 15
1757530182380 3.781617946332102e+64 16
1757530182460 1.1468465084652234e+68 17
1757530182543 3.478026952073723e+71 18
1757530182631 1.0547768502639231e+75 19
1757530182711 3.198808460036044e+78 20
1757530182801 9.70098610093484e+81 21
1757530182926 2.9420058283036672e+85 22
1757530183014 8.922183996262668e+88 23
1757530183093 2.705819495574054e+92 24
1757530183173 8.205904681740995e+95 25
1757530183252 2.488594370613506e+99 26
1757530183346 7.547128783045136e+102 27
1757530183430 2.2888082340966765e+106 28
1757530183509 6.9412398848122944e+109 29
1757530183592 2.1050610715547448e+113 30
1757530183681 6.383992180807696e+116 31
1757530183780 1.9360652626820437e+120 32
1757530183872 5.871480721158807e+123 33
1757530183960 1.7806365582522854e+127 34
1757530184045 5.400114048162563e+130 35
1757530184132 1.637685781414306e+134 36
1757530184212 4.966589028909786e+137 37
1757530184295 1.50621119521381e+141 38
1757530184384 4.5678677083644344e+144 39
1757530184466 1.3852914828558802e+148 40
1757530184557 4.2011560206943115e+151 41
1757530184654 1.2740792915170383e+155 42
1757530184746 3.8638842096711484e+158 43
1757530184832 1.1717952944647125e+162 44
1757530184955 3.553688820935206e+165 45
1757530185090 1.077722729873973e+169 46
1757530185194 3.2683961399336736e+172 47
1757530185297 9.912023780720047e+175 48
1757530185393 3.0060069594732047e+179 49
1757530185490 9.116279420129601e+182 50
1757530185585 2.7646825701442364e+186 51
1757530185677 8.384417986115972e+189 52
1757530185769 2.5427318754441105e+193 53
1757530185867 7.711310911629079e+196 54
1757530185957 2.338599541307266e+200 55
1757530186050 7.092241354650811e+203 56
1757530186139 2.150855096999714e+207 57
1757530186224 6.522871144614896e+210 58
1757530186305 1.9781829110013425e+214 59
1757530186393 5.999210382391775e+217 60
1757530186481 1.8193729716317812e+221 61
1757530186566 5.517589480808634e+224 62
1757530186652 1.6733124078140556e+228 63
1757530186744 5.074633449776198e+231 64
1757530186834 1.5389776905574177e+235 65
1757530186915 4.667238245824223e+238 66
1757530186998 1.4154274605107874e+242 67
1757530187081 4.2925490203130135e+245 68
1757530187177 1.3017959313252785e+249 69
1757530187258 3.947940113894074e+252 70
1757530187339 1.1972868225995026e+256 71
1757530187424 3.630996657030026e+259 72
1757530187510 1.101167779892405e+263 73
1757530187599 3.3394976476375715e+266 74
1757530187728 1.0127652427013942e+270 75
1757530187867 3.0714003872696567e+273 76
1757530187985 9.314597244429315e+276 77
1757530188095 2.8248261667720136e+280 78
1757530188218 8.566814713596089e+283 79
1757530188331 2.5980471011053802e+287 80
1757530188446 7.879064699332883e+290 81
1757530188557 2.3894740210776354e+294 82
1757530188670 7.246527748259706e+297 83
1757530188777 2.197645337136378e+301 84
1757530188900 inf 85
1757530188996 inf 86
