1757530146536 1019578860202.1567 0
1757530146632 830198302286.0587 1
1757530146736 626416222650.1383 2
1757530146855 476826321262.5995 3
1757530146960 381648313568.46484 4
1757530147057 323268515853.6191 5
1757530147161 287612870191.4409 6
1757530147266 266248568387.26135 7
1757530147380 253860205870.7899 8
1757530147485 246782762548.5214 9
1757530147591 242611040951.0423 10
1757530147693 239967011773.52628 11
1757530147833 238156425558.50504 12
1757530147945 236843605985.65405 13
1757530148044 235850802626.28708 14
1757530148138 235070504291.06888 15
1757530148230 234434613217.14633 16
1757530148324 233901078936.71503 17
1757530148441 233444342231.24597 18
1757530148556 233048241436.20175 19
1757530148648 232701758714.65515 20
1757530148740 232396899002.02542 21
1757530148837 232127635432.40503 22
1757530148946 231889261157.58636 23
1757530149048 231677929143.4989 24
1757530149149 231490347820.69717 25
1757530149250 231323613072.33862 26
1757530149346 231175134859.37595 27
1757530149450 231042611367.3594 28
1757530149585 230924018216.92834 29
1757530149722 230817596066.15115 30
1757530149869 230721831107.6518 31
1757530150022 230635428938.74005 32
1757530150160 230557284796.63168 33
1757530150277 230486453605.74286 34
1757530150389 230422122577.58475 35
1757530150499 230363587915.48398 36
1757530150596 230310236028.38104 37
1757530150687 230261528850.55847 38
1757530150776 230216992468.93045 39
1757530150876 230176208195.53693 40
1757530150965 230138805353.77893 41
1757530151052 230104455249.35413 42
1757530151136 230072865989.34424 43
1757530151219 230043777957.02615 44
1757530151307 230016959838.68643 45
1757530151384 229992205142.37277 46
1757530151471 229969329163.35068 47
1757530151551 229948166351.96564 48
1757530151640 229928568036.94598 49
1757530151725 229910400456.27188 50
1757530151803 229893543050.1312 51
1757530151878 229877886975.55692 52
1757530151962 229863333808.6864 53
1757530152042 229849794406.8726 54
1757530152120 229837187908.28525 55
1757530152199 229825440850.84665 56
1757530152277 229814486395.41977 57
1757530152359 229804263640.36795 58
1757530152438 229794717016.23193 59
1757530152519 229785795750.5725 60
1757530152602 229777453394.15637 61
1757530152686 229769647400.70908 62
1757530152783 229762338753.4324 63
1757530152911 229755491632.38495 64
1757530152997 229749073117.63712 65
1757530153076 229743052923.8217 66
1757530153164 229737403162.31128 67
1757530153245 229732098127.77185 68
1757530153329 229727114106.2717 69
1757530153407 229722429202.49295 70
1757530153493 229718023183.90115 71
1757530153587 229713877339.99384 72
1757530153671 229709974354.9775 73
1757530153757 229706298192.4242 74
1757530153858 229702833990.6286 75
1757530153957 229699567967.54346 76
1757530154077 229696487334.29953 77
