1757530042817 1019576575245.8982 0
1757530042917 4128004430755.9995 1
1757530043001 1.3022084219594898e+16 2
1757530043072 5.274144736503079e+19 3
1757530043150 2.1361583161659348e+23 4
1757530043228 8.651966537613794e+26 5
1757530043306 3.504259230300553e+30 6
1757530043385 1.4193111704444288e+34 7
1757530043463 5.748559299294608e+37 8
1757530043537 2.3283078936917616e+41 9
1757530043604 9.430219583005015e+44 10
1757530043683 3.819470853688766e+48 11
1757530043758 1.5469796300892972e+52 12
1757530043829 6.265647959062109e+55 13
1757530043901 2.5377415179431326e+59 14
1757530043975 1.0278477268385048e+63 15
1757530044048 4.1630360779350084e+66 16
1757530044119 1.6861319953973657e+70 17
1757530044191 6.82924926106556e+73 18
1757530044275 2.7660139062110266e+77 19
1757530044347 1.1203036581152813e+81 20
1757530044416 4.53750533780115e+84 21
1757530044491 1.837801255171413e+88 22
1757530044574 7.443547064004878e+91 23
1757530044646 3.014819624164851e+95 24
1757530044719 1.2210760929023008e+99 25
1757530044790 4.94565848220717e+102 26
1757530044868 2.0031133165903925e+106 27
1757530044947 8.113101568855336e+109 28
1757530045018 3.286005665351121e+113 29
1757530045090 1.3309131090100588e+117 30
1757530045162 5.390525410264475e+120 31
1757530045234 2.183295363310402e+124 32
1757530045311 8.842883171232151e+127 33
1757530045404 3.581585162233656e+131 34
1757530045486 1.4506300745964613e+135 35
1757530045586 5.875408563540555e+138 36
1757530045680 2.37968496538503e+142 37
1757530045777 9.638309358808313e+145 38
1757530045873 3.9037523305552904e+149 39
1757530045966 1.5811157010009112e+153 40
1757530046054 6.403907441525641e+156 41
1757530046143 2.59374000863228e+160 42
1757530046229 1.0505284927692602e+164 43
1757530046317 4.254898757959958e+167 44
1757530046410 1.7233386400368309e+171 45
1757530046497 6.9799453222899554e+174 46
1757530046579 2.82704951715794e+178 47
1757530046676 1.1450245816310914e+182 48
1757530046756 4.637631157792725e+185 49
1757530046840 1.8783546747173053e+189 50
1757530046930 7.607798386691036e+192 51
1757530047013 3.0813454493757657e+196 52
1757530047101 1.2480206882188957e+200 53
1757530047194 5.054790719871753e+203 54
1757530047280 2.0473145567936382e+207 55
1757530047376 8.292127462332352e+210 56
1757530047470 3.3585155550914684e+214 57
1757530047563 1.3602813976304577e+218 58
1757530047652 5.50947420188167e+221 59
1757530047739 2.2314725492883562e+225 60
1757530047827 9.038012622922936e+228 61
1757530047921 3.6606173890942475e+232 62
1757530048005 1.4826400701579773e+236 63
1757530048089 6.005056917958776e+239 64
1757530048183 2.4321957374376218e+243 65
1757530048265 9.850990899884012e+246 66
1757530048348 3.989893585284943e+250 67
1757530048440 1.61600502768563e+254 68
1757530048537 6.545217795122556e+257 69
1757530048627 2.6509741771622054e+261 70
1757530048724 1.0737097386152336e+265 71
1757530048810 4.348788504727304e+268 72
1757530048898 1.7613662965597423e+272 73
1757530048986 7.133966683558268e+275 74
1757530049068 2.889431956403573e+279 75
1757530049152 1.1702910037311772e+283 76
1757530049235 4.7399663812080835e+286 77
1757530049321 1.9198029569869104e+290 78
1757530049410 7.775674123486742e+293 79
1757530049500 3.1493392514382707e+297 80
1757530049586 1.2755598502631418e+301 81
1757530049688 inf 82
1757530049776 inf 83
