1757529860038 1019575906288.8718 0
1757529860149 4128016508034.1245 1
1757529860245 1.3030427287139302e+16 2
1757529860342 5.280838903370706e+19 3
1757529860422 2.140214318626779e+23 4
1757529860490 8.673844116439508e+26 5
1757529860587 3.5153288670176055e+30 6
1757529860689 1.4246897773802574e+34 7
1757529860794 5.773971763540438e+37 8
1757529860899 2.3400708319439254e+41 9
1757529860998 9.483821055538148e+44 10
1757529861110 3.843595697432453e+48 11
1757529861220 1.5577295057348564e+52 12
1757529861326 6.313154150572831e+55 13
1757529861431 2.5585902547370076e+59 14
1757529861544 1.0369434890230275e+63 15
1757529861645 4.202516590675336e+66 16
1757529861756 1.7031926890771183e+70 17
1757529861863 6.902686220352498e+73 18
1757529861971 2.7975153581983897e+77 19
1757529862079 1.133774871046671e+81 20
1757529862189 4.594954070403159e+84 21
1757529862304 1.8622394487913647e+88 22
1757529862405 7.54726970389604e+91 23
1757529862509 3.0587516562553944e+95 24
1757529862620 1.2396485168425065e+99 25
1757529862786 5.02403796714615e+102 26
1757529862898 2.03613824018577e+106 27
1757529863004 8.25204538711282e+109 28
1757529863113 3.344382602664398e+113 29
1757529863218 1.3554088069452107e+117 30
1757529863348 5.493190379835818e+120 31
1757529863449 2.2262759688812214e+124 32
1757529863558 9.022634110427732e+127 33
1757529863676 3.656686207306291e+131 34
1757529863810 1.4819789714458636e+135 35
1757529863907 6.006152968278947e+138 36
1757529864016 2.4341690518841384e+142 37
1757529864118 9.865181597012124e+145 38
1757529864230 3.9981532041374027e+149 39
1757529864336 1.6203684530851039e+153 40
1757529864450 6.567016794244838e+156 41
1757529864553 2.6614755115593907e+160 42
1757529864654 1.0786407467144097e+164 43
1757529864752 4.3715069156917747e+167 44
1757529864866 1.7716809579233138e+171 45
1757529864979 7.180254949159455e+174 46
1757529865091 2.910008198957029e+178 47
1757529865200 1.1793658829605258e+182 48
1757529865309 4.7797249725611594e+185 49
1757529865432 1.9371232577947466e+189 50
1757529865646 7.850758228623835e+192 51
1757529865756 3.1817492519536684e+196 52
1757529865883 1.289496887752498e+200 53
1757529865994 5.226063061073639e+203 54
1757529866101 2.1180148147484738e+207 55
1757529866210 8.583874138274201e+210 56
1757529866329 3.4788659035174405e+214 57
1757529866435 1.4099120955994613e+218 58
1757529866542 5.714080888567066e+221 59
1757529866702 2.31579830423436e+225 60
1757529866816 9.385449542069082e+228 61
1757529866920 3.8037277661729544e+232 62
1757529867057 1.5415718612414399e+236 63
1757529867189 6.247670573339721e+239 64
1757529867333 2.53205112096047e+243 65
1757529867435 1.0261877293139664e+247 66
1757529867528 4.1589257305164526e+250 67
1757529867617 1.685526218825004e+254 68
1757529867703 6.831087685698377e+257 69
1757529867813 2.7684979591851013e+261 70
1757529867930 1.1220147219100593e+265 71
1757529868040 4.547292628503373e+268 72
1757529868151 1.8429232563045345e+272 73
1757529868272 7.468985187667446e+275 74
1757529868388 3.027024567776004e+279 75
1757529868504 1.2267901868447873e+283 76
1757529868608 4.971925826305467e+286 77
1757529868720 2.0150182718580005e+290 78
1757529868837 8.166450542040196e+293 79
1757529868955 3.3096927897380645e+297 80
1757529869072 1.3413497462641218e+301 81
1757529869196 inf 82
1757529869316 inf 83
