1757530351754 250137089185.66528 0
1757530351868 611566664462.4373 1
1757530351985 373125838621.94653 2
1757530352107 242496200882.99564 3
1757530352220 177249336370.41464 4
1757530352333 274838769096.04062 5
1757530352448 259052811745.3649 6
1757530352566 325048496703.19495 7
1757530352679 455716770012.9371 8
1757530352807 336073565779.1739 9
1757530352934 263919176388.83246 10
1757530353128 166937868229.9673 11
1757530353252 146323206656.0932 12
1757530353375 276976857440.9737 13
1757530353526 183350099992.91144 14
1757530353727 345043628761.715 15
1757530353907 300707945812.5512 16
1757530354080 162920428176.36124 17
1757530354247 316385465451.07556 18
1757530354420 670119509465.66 19
1757530354595 306221998345.6065 20
1757530354721 194424711524.19794 21
1757530354853 382650236087.5456 22
1757530354979 394312763858.15704 23
1757530355112 290789574768.2583 24
1757530355233 219670033497.21747 25
1757530355351 340048330230.04083 26
1757530355476 90233574231.41275 27
1757530355599 57910684528.70031 28
1757530355741 97108100108.65678 29
1757530355915 142095604075.41763 30
1757530356049 227118041875.0169 31
1757530356172 237499891325.09274 32
1757530356310 314745500302.17084 33
1757530356434 126804638603.74516 34
1757530356560 122386112632.74219 35
1757530356705 85162744690.1824 36
1757530356833 118039795891.07333 37
1757530356962 165549577857.227 38
1757530357069 338355074450.3498 39
1757530357161 214413737941.33365 40
1757530357259 129226726102.9765 41
1757530357371 262914702347.03787 42
1757530357478 192045971456.54025 43
1757530357579 127341003487.89992 44
1757530357694 125600233382.94298 45
1757530357804 197537135887.11972 46
1757530357942 127900829897.62181 47
1757530358071 143893618656.87872 48
1757530358188 173323343532.6291 49
1757530358314 276779382957.43866 50
1757530358426 487398524421.7675 51
1757530358542 130552255388.64528 52
1757530358675 193935116183.5385 53
1757530358803 215114593421.57913 54
1757530358929 576895900702.136 55
1757530359054 206125309841.65085 56
1757530359176 163415597573.32642 57
1757530359295 147473139339.88422 58
1757530359414 320677333842.68146 59
1757530359545 464668140306.9731 60
1757530359678 555831845427.2308 61
1757530359815 186948723273.08994 62
1757530359956 203504137868.1501 63
1757530360082 102528312616.41733 64
1757530360211 189804392680.5903 65
1757530360341 344915793182.665 66
1757530360470 179403586001.2266 67
1757530360583 320659033173.2762 68
1757530360695 239164825059.29785 69
1757530360812 212492285464.1694 70
1757530360928 311589024212.2772 71
1757530361036 110952887475.7903 72
1757530361155 99499567468.69304 73
1757530361264 146437367473.24478 74
1757530361363 230254011043.2129 75
1757530361459 139789873057.55673 76
1757530361557 195582039308.71323 77
1757530361652 177859141162.5811 78
1757530361755 170399386552.21866 79
1757530361850 436309714431.2737 80
1757530361949 676264312311.0172 81
1757530362049 160044426311.2149 82
1757530362145 224472085932.4348 83
1757530362240 188015830724.29245 84
1757530362338 464262554152.75543 85
1757530362457 115051217378.23914 86
1757530362555 312745725922.6566 87
1757530362650 201009918144.82132 88
1757530362747 483506543472.3149 89
1757530362843 95415331874.34256 90
1757530362972 280778867023.78436 91
1757530363110 240763796709.92148 92
1757530363212 302221044321.4303 93
1757530363348 453993506267.4405 94
1757530363476 117536136113.83324 95
1757530363605 111514088484.24747 96
1757530363737 132340143528.56873 97
1757530363864 167043013236.81262 98
1757530364014 110711758748.05557 99
1757530364115 98138863229.97012 100
1757530364212 39968452472.92065 101
1757530364319 360706000328.51025 102
1757530364420 122213003159.32364 103
1757530364524 152886650564.1703 104
1757530364629 196999942717.80417 105
1757530364744 409793792323.7439 106
1757530364859 319052055315.262 107
1757530364992 280038637244.36053 108
1757530365123 161507624655.6566 109
