1757530189156 1064044890682.33 0
1757530189240 1081875617479.0734 1
1757530189333 16742709974520.33 2
1757530189420 957729180282343.4 3
1757530189498 5.5802988106015304e+16 4
1757530189579 3.252412755426178e+18 5
1757530189662 1.8956391861766232e+20 6
1757530189739 1.1048561110716124e+22 7
1757530189818 6.439553666888471e+23 8
1757530189896 3.753235467836067e+25 9
1757530189989 2.1875392621476833e+27 10
1757530190069 1.2749874247023042e+29 11
1757530190143 7.431148602805135e+30 12
1757530190220 4.3311775855253155e+32 13
1757530190298 2.5243875852887215e+34 14
1757530190389 1.4713164156687243e+36 15
1757530190472 8.575434325663077e+37 16
1757530190554 4.998114143947512e+39 17
1757530190632 2.9131055113056053e+41 18
1757530190716 1.697877134373864e+43 19
1757530190830 9.895922932559989e+44 20
1757530190936 5.767748955714656e+46 21
1757530191020 3.36168018312787e+48 22
1757530191099 1.9593248146554228e+50 23
1757530191180 1.1419747031832629e+52 24
1757530191257 6.655896015586615e+53 25
1757530191338 3.8793286442171295e+55 26
1757530191423 2.2610315267248276e+57 27
1757530191504 1.3178217247627077e+59 28
1757530191588 7.680804436956047e+60 29
1757530191668 4.4766872248510495e+62 30
1757530191748 2.6091965592456698e+64 31
1757530191829 1.5207465571834637e+66 32
1757530191908 8.86353342369103e+67 33
1757530191998 5.166030091062049e+69 34
1757530192084 3.010973798601072e+71 35
1757530192166 1.75491877826023e+73 36
1757530192255 1.0228384982032222e+75 37
1757530192337 5.961521446843208e+76 38
1757530192435 3.474618722662739e+78 39
1757530192544 2.0251500184187732e+80 40
1757530192645 1.1803403263649691e+82 41
1757530192751 6.879506571721364e+83 42
1757530192886 4.009658029401548e+85 43
1757530193041 2.336992827193639e+87 44
1757530193138 1.3620950800060332e+89 45
1757530193218 7.938847673762701e+90 46
1757530193302 4.627085385766758e+92 47
1757530193383 2.696854763687495e+94 48
1757530193463 1.5718373468525678e+96 49
1757530193557 9.161311458917069e+97 50
1757530193642 5.339587318964342e+99 51
1757530193730 3.1121300552546685e+101 52
1757530193815 1.813876785275228e+103 53
1757530193901 1.0572016380244634e+105 54
1757530193992 6.161803891613385e+106 55
1757530194072 3.5913515296524074e+108 56
1757530194164 2.0931866765658423e+110 57
1757530194248 1.219994875683142e+112 58
1757530194331 7.110629516976646e+113 59
1757530194418 4.144365942470651e+115 60
1757530194500 2.4155061129402882e+117 61
1757530194585 1.4078558367298876e+119 62
1757530194676 8.205560095237086e+120 63
1757530194761 4.782536302363292e+122 64
1757530194842 2.787457920964981e+124 65
1757530194930 1.6246445755803078e+126 66
1757530195029 9.469093603568237e+127 67
1757530195113 5.5189753513386216e+129 68
1757530195212 3.2166847434273164e+131 69
1757530195296 1.8748155372878074e+133 70
1757530195378 1.092719237108291e+135 71
1757530195461 6.368814997521652e+136 72
1757530195565 3.712006075778193e+138 73
1757530195661 2.1635090848103044e+140 74
1757530195762 1.2609816537208744e+142 75
1757530195847 7.349517236531731e+143 76
1757530195937 4.2835994838378333e+145 77
1757530196027 2.4966571201069555e+147 78
1757530196110 1.4551539654674e+149 79
1757530196201 8.48123295010085e+150 80
1757530196283 4.943209726317304e+152 81
1757530196365 2.881104969303719e+154 82
1757530196448 1.6792259086143718e+156 83
1757530196534 9.787215954312225e+157 84
1757530196614 5.704390079080287e+159 85
1757530196700 3.3247520363513123e+161 86
1757530196795 1.9378015791312118e+163 87
1757530196883 1.129430080507401e+165 88
1757530196968 6.582780819731093e+166 89
1757530197052 3.836714115242259e+168 90
1757530197139 2.2361940348942903e+170 91
1757530197222 1.3033454178487972e+172 92
1757530197316 7.596430594663269e+173 93
1757530197401 4.4275106958814595e+175 94
1757530197485 2.5805344652153327e+177 95
1757530197574 1.5040411155547612e+179 96
1757530197672 8.766167271826932e+180 97
1757530197771 5.109281112259051e+182 98
1757530197869 2.977898170844118e+184 99
1757530197969 1.7356409485161123e+186 100
1757530198051 1.0116025899273744e+188 101
1757530198148 5.896033974208072e+189 102
1757530198241 3.4364499430069375e+191 103
1757530198330 2.00290369126961e+193 104
1757530198414 1.1673742562917137e+195 105
1757530198501 6.803935007922385e+196 106
1757530198585 3.965611828642535e+198 107
1757530198670 2.3113208984445606e+200 108
1757530198763 1.3471324290999156e+202 109
1757530198845 7.851639219607773e+203 110
1757530198938 4.57625672897453e+205 111
1757530199037 2.667229741935451e+207 112
1757530199148 1.5545706715320637e+209 113
1757530199257 9.060674207366941e+210 114
1757530199359 5.280931809368122e+212 115
1757530199450 3.0779432233112525e+214 116
1757530199536 1.7939513002462332e+216 117
1757530199623 1.0455882497380652e+218 118
1757530199714 6.094116310962581e+219 119
1757530199803 3.551900436987884e+221 120
1757530199896 2.0701929649061602e+223 121
1757530199989 1.2065931993244062e+225 122
1757530200083 7.03251906143882e+226 123
1757530200180 4.098839971681578e+228 124
1757530200300 2.388971713646136e+230 125
1757530200392 1.3923905026865294e+232 126
1757530200494 8.115421797994638e+233 127
1757530200621 4.7300000130921554e+235 128
1757530200743 2.7568376211055553e+237 129
1757530200854 1.6067978114390048e+239 130
1757530200955 9.365075356922242e+240 131
1757530201045 5.458349259405989e+242 132
1757530201137 3.1813493754362285e+244 133
1757530201231 1.854220638437103e+246 134
1757530201338 1.0807156870454235e+248 135
1757530201467 6.298853394332372e+249 136
1757530201596 3.6712295896954814e+251 137
1757530201712 2.1397428796140753e+253 138
1757530201876 1.2471297365085011e+255 139
1757530202001 7.268782593001472e+256 140
1757530202122 4.236544028870657e+258 141
1757530202253 2.469231274827312e+260 142
1757530202380 1.439169060214069e+262 143
1757530202504 8.388066379170186e+263 144
1757530202623 4.888908435184085e+265 145
1757530202749 2.8494559541121056e+267 146
1757530202904 1.6607795670689828e+269 147
1757530203066 9.679703125129705e+270 148
1757530203221 5.641727201401312e+272 149
1757530203382 3.288229546255329e+274 150
1757530203549 1.9165147769252098e+276 151
1757530203725 1.117023260847341e+278 152
1757530203900 6.510468796258683e+279 153
1757530204074 3.7945677080085986e+281 154
1757530204219 2.2116293835761994e+283 155
1757530204355 1.289028133553743e+285 156
1757530204493 7.512983601286096e+286 157
1757530204613 4.3788743723986735e+288 158
1757530204728 2.552187225054973e+290 159
1757530204851 1.4875191836494116e+292 160
1757530204978 8.669870689746688e+293 161
1757530205109 5.053155522506843e+295 162
1757530205221 2.945185879743195e+297 163
1757530205346 1.7165748862476215e+299 164
1757530205478 1.0004901084046212e+301 165
1757530205633 5.8312658832123634e+302 166
1757530205792 3.398700448417095e+304 167
