1757530214434 1019579710919.592 0
1757530214573 830199007120.5887 1
1757530214710 626079153425.9791 2
1757530214853 476099137306.06506 3
1757530215004 380798000354.4354 4
1757530215157 322507072673.7901 5
1757530215294 286937561652.487 6
1757530215446 265549659855.04004 7
1757530215553 253055470759.96463 8
1757530215646 245853707540.72748 9
1757530215734 241573712567.09326 10
1757530215811 238841056311.96964 11
1757530215895 236955296174.99442 12
1757530215984 235577279777.4276 13
1757530216063 234529203089.45297 14
1757530216136 233704024522.6337 15
1757530216211 233033256406.59937 16
1757530216284 232473868342.7417 17
1757530216358 231999255597.52948 18
1757530216458 231592268370.4693 19
1757530216583 231240833717.16904 20
1757530216690 230935763918.5427 21
1757530216794 230669779955.79218 22
1757530216885 230437015368.48645 23
1757530216957 230232682802.6643 24
1757530217035 230052823806.949 25
1757530217114 229894126891.23013 26
1757530217347 229753798179.811 27
1757530217425 229629466168.71463 28
1757530217503 229519107509.3289 29
1757530217581 229420987319.89 30
1757530217665 229333611014.07593 31
1757530217754 229255685580.0838 32
1757530217836 229186088381.99353 33
1757530217913 229123841777.59976 34
1757530217993 229068092221.29712 35
1757530218071 229018092881.7522 36
1757530218150 228973189065.88824 37
1757530218241 228932805912.64288 38
1757530218341 228896437938.357 39
1757530218444 228863640104.7088 40
1757530218531 228834020149.48502 41
1757530218615 228807231973.9265 42
1757530218703 228782969920.97144 43
1757530218790 228760963809.64404 44
1757530218877 228740974614.79898 45
1757530218957 228722790700.3252 46
1757530219038 228706224528.99832 47
1757530219118 228691109784.3178 48
1757530219222 228677298849.5261 49
1757530219317 228664660597.0937 50
1757530219401 228653078448.6417 51
1757530219487 228642448670.85797 52
1757530219565 228632678877.6608 53
1757530219644 228623686712.8393 54
1757530219721 228615398690.78992 55
1757530219806 228607749175.86438 56
1757530219898 228600679483.3397 57
1757530219984 228594137087.17044 58
1757530220069 228588074921.547 59
1757530220152 228582450764.89923 60
1757530220232 228577226696.3922 61
1757530220314 228572368616.18564 62
1757530220395 228567845821.80023 63
1757530220473 228563630633.86758 64
1757530220553 228559698065.36127 65
1757530220633 228556025529.121 66
1757530220726 228552592579.11246 67
1757530220809 228549380681.41486 68
