1757529878961 1064041277286.2909 0
1757529879076 1081870701344.2336 1
1757529879188 16837136832281.123 2
1757529879299 968321127176242.2 3
1757529879414 5.671970558755917e+16 4
1757529879533 3.3233300400916096e+18 5
1757529879653 1.9472215499247993e+20 6
1757529879777 1.140925305743749e+22 7
1757529879881 6.684963924290775e+23 8
1757529879989 3.916885910701303e+25 9
1757529880098 2.295000454211368e+27 10
1757529880249 1.3446976002572948e+29 11
1757529880357 7.878916245221977e+30 12
1757529880462 4.616452144132662e+32 13
1757529880564 2.704893634577357e+34 14
1757529880678 1.5848641653690636e+36 15
1757529880792 9.286111625840133e+37 16
1757529880912 5.440962765883641e+39 17
1757529881020 3.1879948263117903e+41 18
1757529881126 1.867925117282102e+43 19
1757529881235 1.0944635841238086e+45 20
1757529881326 6.412733175921127e+46 21
1757529881399 3.757379174792865e+48 22
1757529881471 2.201541507477299e+50 23
1757529881588 1.289937688924518e+52 24
1757529881723 7.558064363794808e+53 25
1757529881868 4.4284570811239855e+55 26
1757529882009 2.5947426715893466e+57 27
1757529882137 1.5203239883399325e+59 28
1757529882277 8.907954745686044e+60 29
1757529882413 5.219391285000771e+62 30
1757529882566 3.058170608593932e+64 31
1757529882710 1.7918578931118428e+66 32
1757529882857 1.0498939137288509e+68 33
1757529882978 6.1515884396982074e+69 34
1757529883096 3.604368006766218e+71 35
1757529883205 2.1118884749118948e+73 36
1757529883314 1.2374077569474437e+75 37
1757529883434 7.250278483657054e+76 38
1757529883550 4.248117711841151e+78 39
1757529883663 2.4890773691434453e+80 40
1757529883769 1.4584120709067883e+82 41
1757529883881 8.545197489375608e+83 42
1757529884000 5.006842825089196e+85 43
1757529884121 2.9336332023122113e+87 44
1757529884230 1.7188883426863432e+89 45
1757529884339 1.0071392470927493e+91 46
1757529884448 5.901078259971851e+92 47
1757529884554 3.457587888748584e+94 48
1757529884664 2.0258863688545486e+96 49
1757529884769 1.187016993224175e+98 50
1757529884912 6.955026520068966e+99 51
1757529885020 4.075122274658725e+101 52
1757529885140 2.3877150583826984e+103 53
1757529885251 1.3990213828626663e+105 54
1757529885380 8.19721274042097e+106 55
1757529885492 4.802949943068585e+108 56
1757529885616 2.814167313466348e+110 57
1757529885720 1.648890319919226e+112 58
1757529885832 9.661256720995743e+113 59
1757529885951 5.660769567351084e+115 60
1757529886069 3.3167850746590544e+117 61
1757529886190 1.9433865131925785e+119 62
1757529886312 1.1386782847384315e+121 63
1757529886426 6.671798056295203e+122 64
1757529886529 3.9091717037714337e+124 65
1757529886612 2.290480509245655e+126 66
1757529886696 1.3420492525751098e+128 67
1757529886772 7.863398920301587e+129 68
1757529886869 4.607360159186097e+131 69
1757529886979 2.699566415440249e+133 70
1757529887085 1.5817428157516378e+135 71
1757529887202 9.267822865450397e+136 72
1757529887315 5.430246928262451e+138 73
1757529887433 3.181716151679024e+140 74
1757529887540 1.864246286327616e+142 75
1757529887644 1.092308065963798e+144 76
1757529887749 6.400103461222084e+145 77
1757529887853 3.749979112184311e+147 78
1757529887972 2.1972056275373816e+149 79
1757529888056 1.2873971894925687e+151 80
1757529888142 7.543178948485437e+152 81
1757529888235 4.419735347666938e+154 82
1757529888322 2.589632391969011e+156 83
1757529888422 1.5173297489577433e+158 84
1757529888508 8.890410755642565e+159 85
1757529888605 5.20911182676918e+161 86
1757529888719 3.052147619452192e+163 87
1757529888805 1.7883288746184308e+165 88
1757529888905 1.0478261743997902e+167 89
1757529889028 6.139473042907516e+168 90
1757529889122 3.597269295756945e+170 91
1757529889226 2.1077291643367714e+172 92
1757529889327 1.234970713878952e+174 93
1757529889414 7.235999244801448e+175 94
1757529889499 4.239751152179899e+177 95
1757529889583 2.484175194645698e+179 96
1757529889666 1.4555397654695036e+181 97
1757529889749 8.528367940511479e+182 98
1757529889832 4.996981975637258e+184 99
1757529889922 2.9278554864210156e+186 100
1757529890015 1.7155030358644482e+188 101
1757529890108 1.0051557119909552e+190 102
1757529890203 5.889456236601344e+191 103
1757529890290 3.4507782574442067e+193 104
1757529890391 2.0218964372373795e+195 105
1757529890485 1.1846791934817078e+197 106
1757529890581 6.941328772437458e+198 107
1757529890677 4.067096425105922e+200 108
1757529890804 2.383012514374964e+202 109
1757529890921 1.396266045873198e+204 110
1757529891012 8.18106853865901e+205 111
1757529891103 4.793490655455988e+207 112
1757529891189 2.8086248826012328e+209 113
1757529891275 1.6456428724207846e+211 114
1757529891364 9.642229121893866e+212 115
1757529891456 5.649620825831603e+214 116
1757529891531 3.3102527509117095e+216 117
1757529891618 1.9395590629404084e+218 118
1757529891707 1.1364356868514541e+220 119
1757529891793 6.658658119911131e+221 120
1757529891905 3.901472689642309e+223 121
1757529892007 2.2859694662065007e+225 122
1757529892109 1.3394061207455268e+227 123
1757529892203 7.847912156358254e+228 124
1757529892291 4.598286080672401e+230 125
1757529892380 2.694249688125633e+232 126
1757529892474 1.57862761355283e+234 127
1757529892562 9.249570124308755e+235 128
1757529892679 5.419552195210714e+237 129
1757529892835 3.175449842736158e+239 130
1757529892953 1.8605747007370686e+241 131
1757529893060 1.090156793041953e+243 132
1757529893163 6.387498620424715e+244 133
1757529893270 3.7425936238107285e+246 134
1757529893384 2.1928782870026548e+248 135
1757529893473 1.284861693509599e+250 136
1757529893558 7.528322849622699e+251 137
1757529893645 4.411030791441982e+253 138
1757529893732 2.584532176914333e+255 139
1757529893825 1.5143414066538137e+257 140
1757529893912 8.872901318040953e+258 141
1757529894000 5.198852613668963e+260 142
1757529894088 3.0461364924342526e+262 143
1757529894170 1.784806806437101e+264 144
1757529894251 1.045762507430702e+266 145
1757529894340 6.127381507082384e+267 146
1757529894424 3.590184565478232e+269 147
1757529894529 2.1035780454178967e+271 148
1757529894615 1.2325384705047161e+273 149
1757529894703 7.221748128543105e+274 150
1757529894790 4.2314010702448345e+276 151
1757529894887 2.4792826748557845e+278 152
1757529894977 1.4526731169646326e+280 153
1757529895065 8.511571537015215e+281 154
1757529895148 4.987140546877171e+283 155
1757529895242 2.9220891495941177e+285 156
1757529895347 1.7121243963181162e+287 157
1757529895471 1.0031760834110213e+289 158
1757529895576 5.877857102509819e+290 159
1757529895664 3.4439820375352375e+292 160
1757529895763 2.0179143636888975e+294 161
1757529895860 1.1823459979762793e+296 162
1757529895991 6.927658002171019e+297 163
1757529896104 4.059086382259392e+299 164
1757529896219 2.378319231907853e+301 165
1757529896338 1.3935161354497365e+303 166
1757529896464 inf 167
