1757530295387 485962105254.1296 0
1757530295477 170215786530.74423 1
1757530295576 214765722514.49493 2
1757530295676 377708391337.6523 3
1757530295760 251945721529.31503 4
1757530295845 291515306404.8634 5
1757530295934 307185029645.4931 6
1757530296029 125458206194.25764 7
1757530296121 255732420172.6366 8
1757530296206 374540172916.09955 9
1757530296296 360372986703.6604 10
1757530296387 132898031669.26913 11
1757530296472 98290890822.12234 12
1757530296560 129594166605.8845 13
1757530296645 667949358060.7828 14
1757530296728 189470174710.25613 15
1757530296812 393397328839.1345 16
1757530296895 370777514375.89935 17
1757530296981 209301368585.80426 18
1757530297066 490760328197.5962 19
1757530297150 371397359998.85693 20
1757530297238 97405289541.54797 21
1757530297321 172392601679.62753 22
1757530297416 336115739079.9443 23
1757530297502 300831815874.1767 24
1757530297590 210772264001.15482 25
1757530297680 146086119434.7343 26
1757530297768 944190086924.404 27
1757530297854 161996591776.05887 28
1757530297940 206244561001.8813 29
1757530298033 420046349716.76105 30
1757530298127 64850837215.775925 31
1757530298215 133212772883.1072 32
1757530298303 414222889728.8292 33
1757530298389 119492661295.54219 34
1757530298480 276629703289.47284 35
1757530298568 357996943513.7466 36
1757530298656 186702148846.4592 37
1757530298744 107427631941.51683 38
1757530298829 776865042937.499 39
1757530298915 642271569437.8575 40
1757530299002 123310305432.91272 41
1757530299091 482588913528.742 42
1757530299178 303660473770.6598 43
1757530299273 287652033060.5069 44
1757530299369 345964927378.07025 45
1757530299464 197823416360.2598 46
1757530299558 284450043412.0649 47
1757530299655 131357561938.47139 48
1757530299751 181320554296.36197 49
1757530299842 261854670161.4029 50
1757530299939 136971606292.11105 51
1757530300028 244786089075.84192 52
1757530300120 196571755624.1528 53
1757530300220 566613979020.794 54
1757530300311 1056268407270.306 55
1757530300423 220617084935.96365 56
1757530300533 264368756853.46982 57
1757530300638 208010412542.30255 58
1757530300741 273863326820.03928 59
1757530300842 421948154862.217 60
1757530300931 192404218853.73505 61
1757530301022 279786249551.0439 62
1757530301110 75457459634.65532 63
1757530301197 1379412778818.1663 64
1757530301287 104552352617.68918 65
1757530301376 415462794111.30707 66
1757530301467 186046424697.53152 67
1757530301554 491378483555.0119 68
1757530301646 899460120787.8065 69
1757530301737 153835605274.4741 70
1757530301826 277978646757.40045 71
1757530301920 64623531766.120544 72
1757530302018 150255367059.63004 73
1757530302112 143923758846.6698 74
1757530302202 1000190623803.4832 75
1757530302301 103565248321.60628 76
1757530302389 363224525445.74005 77
1757530302485 224111109801.33453 78
1757530302574 178328729433.34186 79
1757530302668 253737971992.66333 80
1757530302756 173732272897.85336 81
1757530302846 367311569987.9024 82
1757530302979 184524808790.10422 83
1757530303083 154888123956.5362 84
1757530303171 142887197553.59705 85
1757530303258 261525226973.51093 86
1757530303349 125243443493.5096 87
1757530303449 161945794454.33542 88
1757530303545 181499790397.0931 89
1757530303700 307107095006.7632 90
1757530303801 382129334172.931 91
1757530303898 386028474880.94336 92
1757530303999 1378642241449.1597 93
1757530304096 661492284136.0017 94
1757530304186 279340566049.90015 95
1757530304275 168903286138.39017 96
1757530304374 311386344648.54675 97
1757530304473 67951904923.95123 98
1757530304578 359843218110.5175 99
1757530304685 171076093527.37692 100
1757530304797 742439502604.1696 101
1757530304904 1129865736405.0706 102
1757530305024 86680851908.95796 103
1757530305256 197836297235.139 104
1757530305410 286537165060.2813 105
1757530305545 140593059504.62012 106
1757530305673 722028676632.8751 107
1757530305801 122339775323.708 108
1757530305968 136064051737.85184 109
1757530306089 118246934654.91533 110
1757530306206 553803087754.051 111
1757530306313 128689555103.88846 112
1757530306419 259779359160.26843 113
1757530306531 443075020355.3654 114
1757530306633 84309316036.01187 115
1757530306737 344280870417.57513 116
1757530306837 214923118163.40216 117
1757530306942 415305156330.5411 118
1757530307042 355003582525.6483 119
1757530307148 459572411018.1317 120
1757530307257 90488782725.72507 121
1757530307366 252503707697.89316 122
1757530307471 212042226376.56204 123
1757530307573 484974335262.1695 124
1757530307676 197281129292.48395 125
1757530307777 340601738089.1254 126
1757530307882 761872128651.9519 127
1757530308004 324124567762.7905 128
1757530308112 150554082931.32733 129
1757530308222 125503261384.11438 130
1757530308325 255681628271.64835 131
1757530308432 127735135904.58301 132
1757530308544 220757078711.86655 133
1757530308646 297841984481.98065 134
1757530308751 311418295512.76556 135
1757530308846 444289946824.61115 136
1757530308944 144577035258.74844 137
1757530309054 217148483431.41028 138
1757530309155 560937874639.6997 139
1757530309249 369270093068.874 140
1757530309343 419657579495.8542 141
1757530309436 499275775224.27966 142
1757530309528 114296215645.82275 143
1757530309621 394486893384.41583 144
1757530309715 445431741879.3728 145
1757530309809 321850505711.6396 146
1757530309912 100518624326.50655 147
1757530310021 52337526400.486084 148
1757530310122 277306203127.70557 149
1757530310218 87320455559.66637 150
1757530310310 244881423791.11575 151
1757530310404 568437276938.8563 152
1757530310500 465365338394.59357 153
1757530310603 109126891401.98593 154
1757530310701 275186474021.5594 155
1757530310807 258753113548.87085 156
1757530310954 406177197562.61285 157
1757530311069 809936643998.4319 158
1757530311191 206091804312.5336 159
1757530311307 342787620439.47815 160
1757530311429 630750210189.4875 161
1757530311524 309819648023.40533 162
1757530311617 283449137897.2583 163
1757530311711 213938607912.2824 164
1757530311807 462598868212.95593 165
1757530311902 201916979045.4681 166
1757530312006 383809955616.3071 167
1757530312110 286641631947.9091 168
1757530312212 112223932314.3215 169
1757530312306 258602618021.3964 170
1757530312406 331218354434.4909 171
1757530312508 278256174743.07306 172
1757530312605 379441907755.7449 173
1757530312714 202435953477.92014 174
1757530312815 177438174956.8663 175
1757530312932 155782984448.9936 176
1757530313063 512845038534.5994 177
1757530313156 637408295470.4208 178
1757530313259 216914537335.02454 179
1757530313359 148168595399.56305 180
1757530313459 514718710308.8939 181
1757530313563 284890951360.518 182
1757530313682 340149360477.74664 183
1757530313802 219823476292.2244 184
1757530313907 279717942231.01416 185
1757530314018 289385070338.25977 186
1757530314133 434028358966.6937 187
1757530314245 422156874209.11176 188
1757530314345 86065295696.95314 189
1757530314441 362491010297.1891 190
1757530314544 367345559256.1747 191
1757530314652 155268090724.57935 192
1757530314769 322562432530.09406 193
1757530314868 546401110477.85156 194
1757530314968 629334873299.0438 195
1757530315071 630052797993.4446 196
1757530315166 304335362416.21436 197
1757530315266 307895907022.334 198
1757530315366 298622860171.2441 199
1757530315461 427802128286.9253 200
1757530315572 748496205611.0225 201
1757530315683 137005028754.9266 202
1757530315779 270699196407.68552 203
1757530315880 104660676387.56094 204
1757530315979 147208230891.96298 205
1757530316075 456027029887.5362 206
1757530316178 324836129522.67 207
1757530316274 270171747473.36774 208
1757530316377 330898417733.2125 209
1757530316478 146949408135.135 210
1757530316579 114847149965.79692 211
1757530316687 152343653647.84082 212
1757530316789 297525069711.70734 213
1757530316899 117475543910.81049 214
1757530316999 133325485173.45563 215
1757530317096 588639138047.0685 216
1757530317192 154530295047.20184 217
1757530317290 463023757565.43726 218
1757530317389 152011840277.9588 219
1757530317676 238281977453.5672 220
1757530317779 106595232327.05904 221
1757530317878 1717387671779.5232 222
1757530317978 562419670569.1154 223
1757530318074 739463402372.3033 224
1757530318170 209162494011.53848 225
1757530318273 530782015137.7301 226
1757530318371 188028615712.32422 227
1757530318475 216502110574.48697 228
1757530318583 446395773269.0462 229
1757530318682 534267901107.8654 230
1757530318780 132349029941.52257 231
1757530318876 329552712931.0673 232
1757530318981 162405220069.54398 233
1757530319082 137706224388.1464 234
1757530319182 193339888118.28876 235
1757530319279 239010399778.7504 236
1757530319386 133763254286.11818 237
1757530319488 131921567423.49692 238
1757530319608 583116935394.4417 239
1757530319718 127243057229.0426 240
1757530319823 108437769826.8716 241
1757530319931 341174290467.02747 242
1757530320049 104845181986.64279 243
1757530320163 196274269564.14996 244
1757530320279 100834528793.89432 245
1757530320388 665003801224.0227 246
1757530320497 179820033444.40237 247
1757530320605 131545964785.28452 248
1757530320716 171032970952.28372 249
1757530320825 159599555694.86133 250
1757530320936 74544369893.63943 251
1757530321059 88382546075.6545 252
1757530321196 125664277282.59125 253
1757530321330 353743789226.23303 254
1757530321441 124599233455.74013 255
1757530321564 378480753583.74603 256
1757530321704 112172430939.9858 257
1757530321834 294361353335.93494 258
1757530321965 76371694826.71127 259
1757530322070 286972225024.4768 260
1757530322167 495094578144.82947 261
1757530322272 84099263916.76997 262
1757530322384 93724852241.06479 263
1757530322485 240334997515.44836 264
1757530322586 70876068522.22597 265
1757530322687 518737148241.3967 266
1757530322794 790439945720.9227 267
1757530322910 139801316658.36252 268
1757530323064 274811173792.8113 269
1757530323174 170408607010.68048 270
1757530323284 563219650975.7614 271
1757530323391 289122733761.9805 272
1757530323502 400509341733.0664 273
1757530323616 186600968064.48846 274
1757530323726 370082794528.40717 275
1757530323843 74653155467.91443 276
1757530323968 124287985847.00107 277
1757530324084 1086079025973.6357 278
1757530324197 385467283203.5934 279
1757530324310 163562560283.74063 280
1757530324435 489001581194.81464 281
1757530324555 81653341623.44682 282
1757530324678 304069637382.59814 283
1757530324799 153854651682.41925 284
1757530324924 390004245709.9764 285
1757530325039 92837353438.54213 286
1757530325156 428764112482.26794 287
1757530325277 194183705927.16708 288
1757530325392 243899445828.96725 289
1757530325516 727478114561.0669 290
1757530325656 522819404267.1393 291
1757530325781 124518720754.3936 292
1757530325885 184959884814.0074 293
1757530325989 142981082140.8187 294
1757530326088 150466988574.08688 295
1757530326210 309521968907.5957 296
1757530326332 231872301092.37912 297
1757530326468 281486576220.15955 298
1757530326588 347413045232.3846 299
1757530326709 126499608268.08441 300
1757530326833 128954646241.37598 301
1757530326958 333980110364.2391 302
1757530327078 213182807454.37814 303
1757530327194 260511396667.09155 304
1757530327322 199851411274.45477 305
1757530327440 177640353173.06052 306
1757530327561 494299847748.181 307
1757530327689 293978125412.16644 308
1757530327814 276452289101.1294 309
1757530327931 183647635412.97784 310
1757530328046 210119665775.57138 311
1757530328168 106721679601.09007 312
1757530328282 215711987449.7605 313
1757530328400 102120052683.91736 314
1757530328524 730485879888.9208 315
1757530328647 118547703607.05312 316
1757530328770 216796097811.35132 317
1757530328896 158075296713.98126 318
1757530329017 105126561289.7614 319
1757530329138 763049591855.3724 320
1757530329252 436819425783.8363 321
1757530329377 319278820526.21454 322
1757530329495 304951878100.0609 323
1757530329600 119226532923.74858 324
1757530329715 362306234836.457 325
1757530329822 602222727497.5328 326
1757530329929 144896430913.78784 327
1757530330035 1349353553347.2415 328
1757530330150 425857712890.6998 329
1757530330251 103742928005.81006 330
1757530330354 399719283746.8266 331
1757530330454 221739718194.8122 332
1757530330557 177069332573.97293 333
1757530330663 125673346337.06143 334
1757530330764 118280420136.84332 335
1757530330874 357046837144.73193 336
1757530330982 93897664198.0547 337
1757530331084 576436129709.7067 338
1757530331192 305158677441.4917 339
1757530331294 509421860594.1576 340
1757530331413 210802019125.8912 341
1757530331529 461447399545.1675 342
1757530331633 387778710472.2953 343
1757530331736 118574006881.02519 344
1757530331842 234171585087.26334 345
1757530331943 329530131323.2843 346
1757530332049 353822218592.3652 347
1757530332171 147464524915.63312 348
1757530332301 292417098130.3184 349
1757530332427 184708064817.14505 350
1757530332549 247444820388.556 351
1757530332657 368090740971.7167 352
1757530332758 787502525468.444 353
1757530332857 417667132425.5312 354
1757530332996 574731609270.6926 355
1757530333119 151042669836.96747 356
1757530333220 334084865542.20465 357
1757530333330 99619737612.22728 358
1757530333440 59072952487.358864 359
1757530333552 437740500985.4147 360
1757530333657 366973662441.44604 361
1757530333766 289218554116.9988 362
1757530333890 174128690017.66122 363
1757530333999 489153864600.2667 364
1757530334103 163748425943.22958 365
1757530334211 126794324910.24225 366
1757530334322 322959660783.8485 367
1757530334433 127859147129.6124 368
1757530334540 355942231293.908 369
1757530334643 67512746608.144 370
1757530334753 173749423687.78888 371
1757530334862 198770691847.12585 372
1757530334968 105006742606.1465 373
1757530335077 170783920124.2368 374
1757530335181 106222136174.5734 375
1757530335281 163906113107.66452 376
1757530335394 154703402699.3456 377
1757530335496 519189218315.5586 378
1757530335620 147310918571.77954 379
1757530335736 412297881701.1461 380
1757530335840 260055915360.4268 381
1757530335946 183255122716.81296 382
1757530336065 132020281367.21005 383
1757530336166 624392005791.8168 384
1757530336273 106830826707.16641 385
1757530336376 272780710290.95532 386
1757530336496 319230324361.59576 387
1757530336632 300247809719.20306 388
1757530336740 612415026589.3263 389
1757530336850 325438512442.4897 390
1757530336970 147916510115.54773 391
1757530337079 530422861729.0883 392
1757530337197 268264948066.51355 393
1757530337305 1705455499878.0693 394
1757530337408 82389396670.63441 395
1757530337520 230918135775.33276 396
1757530337628 77525722559.33664 397
1757530337740 214195134421.0999 398
1757530337846 234889300677.24112 399
1757530337955 408346756816.3527 400
1757530338057 136685771814.00603 401
1757530338163 101285223102.54378 402
1757530338272 372199976827.6209 403
1757530338373 146513792906.30634 404
1757530338477 351461688184.727 405
1757530338586 161847476721.44717 406
1757530338692 176840253793.49026 407
1757530338800 359207691186.318 408
1757530338908 176975442555.1972 409
1757530339012 500491865672.6736 410
1757530339119 140133901118.28387 411
1757530339229 287533820066.9762 412
1757530339337 201926120609.121 413
1757530339438 637476654681.966 414
1757530339542 591799540540.2101 415
1757530339655 342079413272.56274 416
1757530339772 284415392188.3975 417
1757530339879 1021931674698.4604 418
1757530339985 243098861287.6566 419
1757530340088 200213090816.48242 420
1757530340200 295792573662.3002 421
1757530340305 202159244487.9684 422
1757530340409 150815486782.59396 423
1757530340518 136561771186.3857 424
1757530340632 92675483613.71182 425
1757530340743 299798221521.70264 426
1757530340852 202236899503.49936 427
1757530340969 255526356682.93417 428
1757530341080 281112030525.4712 429
1757530341193 152396472489.4546 430
1757530341299 312434180892.6872 431
1757530341404 465018913928.5892 432
1757530341511 472773560305.49396 433
1757530341618 302007803705.73206 434
1757530341763 105060501878.92735 435
1757530341907 131720740526.15703 436
1757530342021 1149051384672.4282 437
1757530342136 175006869238.22714 438
1757530342267 491661187343.589 439
1757530342389 225195777333.659 440
1757530342498 155084542318.88223 441
1757530342614 114039637082.1495 442
1757530342769 289444826406.364 443
1757530342986 210210075722.6581 444
1757530343219 121322311827.99385 445
1757530343387 100311262722.01505 446
1757530343514 122686258692.06645 447
1757530343626 717871333841.9706 448
1757530343731 458697343276.27014 449
1757530343844 1968395155422.4697 450
1757530343966 153985805195.09595 451
1757530344074 158878602599.67386 452
1757530344181 228887007130.77246 453
1757530344286 173454443441.7155 454
1757530344396 153773810259.3934 455
1757530344555 103014018499.31998 456
1757530344710 341641251874.35925 457
1757530344872 92635953503.79007 458
1757530345037 152269149380.56503 459
1757530345198 131068867135.26868 460
1757530345353 472562719265.062 461
1757530345499 140667214259.62518 462
1757530345652 153173802907.4932 463
1757530345829 1612274436473.855 464
1757530346011 85623092030.54712 465
1757530346170 107382028089.75397 466
1757530346320 210688620193.72165 467
1757530346469 980725598409.8347 468
1757530346621 114472069755.63596 469
1757530346774 137736603965.08527 470
1757530346925 124138922775.63492 471
1757530347082 381596385592.3141 472
1757530347249 2139051478816.3777 473
1757530347411 138194342926.144 474
1757530347601 339090085566.5719 475
1757530347775 135683892066.94635 476
1757530347941 407815936644.48975 477
1757530348121 314537535044.07623 478
1757530348290 544056061863.18005 479
1757530348458 141717883998.22513 480
1757530348621 233268738271.28964 481
1757530348772 117825019223.51486 482
1757530348934 131158713816.97478 483
1757530349095 149230523964.56424 484
1757530349259 272417372513.89734 485
1757530349421 247644236043.44833 486
1757530349576 282001023356.7527 487
1757530349748 146930268893.69513 488
1757530349904 453498651272.7557 489
1757530350069 200324680457.32468 490
1757530350247 117349317961.21524 491
1757530350459 94637449355.8318 492
1757530350614 456833731943.6118 493
1757530350768 605612473954.1268 494
1757530350931 303073875954.1369 495
1757530351084 164947568633.7836 496
1757530351241 119060911398.55045 497
1757530351402 296151445322.62744 498
1757530351548 154180485938.4806 499
