1757530003776 1064044168563.7618 0
1757530003852 1081924681818.4995 1
1757530003937 16840119892382.346 2
1757530004008 968495914401852.9 3
1757530004085 5.672994682099608e+16 4
1757530004154 3.3239300989742556e+18 5
1757530004220 1.9475731393094117e+20 6
1757530004293 1.141131310669177e+22 7
1757530004372 6.686170958165969e+23 8
1757530004442 3.917593141740051e+25 9
1757530004513 2.2954148383910835e+27 10
1757530004586 1.3449403982101378e+29 11
1757530004662 7.880338858554961e+30 12
1757530004731 4.6172856885145276e+32 13
1757530004804 2.705382028872859e+34 14
1757530004882 1.5851503276815468e+36 15
1757530004958 9.287788321695134e+37 16
1757530005039 5.441945183507326e+39 17
1757530005112 3.188570449126428e+41 18
1757530005188 1.8682623889440984e+43 19
1757530005267 1.094661199942876e+45 20
1757530005351 6.413891055943289e+46 21
1757530005430 3.7580576053719684e+48 22
1757530005521 2.201939016754473e+50 23
1757530005591 1.29017059945406e+52 24
1757530005666 7.559429044266127e+53 25
1757530005749 4.4292566812075346e+55 26
1757530005825 2.5952111770798695e+57 27
1757530005905 1.520598497309055e+59 28
1757530006000 8.909563161716422e+60 29
1757530006082 5.220333695784307e+62 30
1757530006157 3.058722790410173e+64 31
1757530006231 1.7921814301123875e+66 32
1757530006312 1.0500834820696405e+68 33
1757530006389 6.152699167552221e+69 34
1757530006462 3.6050188097223247e+71 35
1757530006537 2.1122697964805755e+73 36
1757530006613 1.2376311826977057e+75 37
1757530006690 7.251587590457719e+76 38
1757530006765 4.248884749934786e+78 39
1757530006841 2.4895267957576954e+80 40
1757530006916 1.4586754010898205e+82 41
1757530006990 8.546740406129981e+83 42
1757530007069 5.007746858224887e+85 43
1757530007144 2.934162897714189e+87 44
1757530007221 1.719198704339912e+89 45
1757530007311 1.0073210956714687e+91 46
1757530007392 5.90214375582815e+92 47
1757530007474 3.45821218915707e+94 48
1757530007553 2.0262521619242565e+96 49
1757530007642 1.1872313204423351e+98 50
1757530007729 6.956282316316864e+99 51
1757530007809 4.0758580767793174e+101 52
1757530007895 2.388146183066806e+103 53
1757530007973 1.3992739894916034e+105 54
1757530008054 8.198692825216258e+106 55
1757530008155 4.803817161403465e+108 56
1757530008238 2.8146754381648287e+110 57
1757530008317 1.6491880427634327e+112 58
1757530008401 9.663001152868999e+113 59
1757530008491 5.661791673185294e+115 60
1757530008576 3.3173839517790823e+117 61
1757530008660 1.9437374101279865e+119 62
1757530008739 1.1388838839426148e+121 63
1757530008816 6.673002712947792e+122 64
1757530008894 3.9098775419366834e+124 65
1757530008971 2.2908940773062787e+126 66
1757530009055 1.3422915723435623e+128 67
1757530009137 7.864818731833826e+129 68
1757530009224 4.6081920619235065e+131 69
1757530009306 2.700053847855613e+133 70
1757530009396 1.5820284144747305e+135 71
1757530009484 9.269496259095588e+136 72
1757530009566 5.431227411039612e+138 73
1757530009644 3.1822906408191733e+140 74
1757530009729 1.8645828937416652e+142 75
1757530009812 1.092505292583548e+144 76
1757530009893 6.401259060829046e+145 77
1757530009979 3.7506562066116695e+147 78
1757530010057 2.197602353930155e+149 79
1757530010135 1.2876296413107551e+151 80
1757530010224 7.544540941253297e+152 81
1757530010311 4.420533372958457e+154 82
1757530010393 2.590099974749877e+156 83
1757530010472 1.517603717288425e+158 84
1757530010548 8.892016003938435e+159 85
1757530010630 5.210052381498633e+161 86
1757530010730 3.0526987137603764e+163 87
1757530010877 1.7886517744210688e+165 88
1757530010969 1.0480153693905535e+167 89
1757530011066 6.140581583211234e+168 90
1757530011170 3.597918816973126e+170 91
1757530011265 2.1081097349022893e+172 92
1757530011357 1.2351936995978603e+174 93
1757530011441 7.23730577334946e+175 94
1757530011532 4.240516679611463e+177 95
1757530011609 2.4846237361256126e+179 96
1757530011691 1.4558025770304168e+181 97
1757530011777 8.529907818530362e+182 98
1757530011856 4.997884228302555e+184 99
1757530011937 2.9283841386013004e+186 100
1757530012014 1.7158127862685898e+188 101
1757530012090 1.0053372024234979e+190 102
1757530012168 5.890519633990501e+191 103
1757530012252 3.4514013283088482e+193 104
1757530012343 2.022261509886909e+195 105
1757530012426 1.184893098587842e+197 106
1757530012506 6.942582095426477e+198 107
1757530012585 4.067830778082891e+200 108
1757530012666 2.3834427899699172e+202 109
1757530012787 1.396518154999769e+204 110
1757530012896 8.18254570846473e+205 111
1757530012978 4.7943561658262717e+207 112
1757530013060 2.8091320065609628e+209 113
1757530013148 1.6459400089073748e+211 114
1757530013233 9.643970118152648e+212 115
1757530013316 5.650640918654208e+214 116
1757530013409 3.31085044855839e+216 117
1757530013499 1.939909268793173e+218 118
1757530013590 1.1366408811332049e+220 119
1757530013672 6.659860404022916e+221 120
1757530013755 3.902177137677173e+223 121
1757530013839 2.286382219755304e+225 122
1757530013919 1.339647963271333e+227 123
1757530014002 7.849329171607632e+228 124
1757530014087 4.599116344998432e+230 125
1757530014171 2.694736160555194e+232 126
1757530014255 1.5789126497964704e+234 127
1757530014358 9.251240222247532e+235 128
1757530014454 5.4205307469518996e+237 129
1757530014554 3.1760232004345032e+239 130
1757530014648 1.8609106452113398e+241 131
1757530014750 1.0903536312288688e+243 132
1757530014860 6.38865194410752e+244 133
1757530014961 3.7432693847177735e+246 134
1757530015064 2.193274232052851e+248 135
1757530015166 1.2850936875198208e+250 136
1757530015267 7.52968215998035e+251 137
1757530015385 4.41182724504293e+253 138
1757530015493 2.5849988388027597e+255 139
1757530015612 1.5146148354108108e+257 140
1757530015707 8.874503404841029e+258 141
1757530015801 5.199791315999731e+260 142
1757530015901 3.0466865013761905e+262 143
1757530015995 1.7851290702967845e+264 144
1757530016096 1.0459513298067366e+266 145
1757530016190 6.12848786414414e+267 146
1757530016281 3.5908328074789075e+269 147
1757530016377 2.103957866459368e+271 148
1757530016478 1.2327610170589253e+273 149
1757530016568 7.223052083916383e+274 150
1757530016669 4.232165089989612e+276 151
1757530016764 2.479730332944686e+278 152
1757530016856 1.4529354109248737e+280 153
1757530016949 8.513108382283607e+281 154
1757530017043 4.988041022578859e+283 155
1757530017141 2.9226167606074217e+285 156
1757530017241 1.7124335366767435e+287 157
1757530017328 1.003357216402796e+289 158
1757530017424 5.878918405565017e+290 159
1757530017524 3.4446038812777426e+292 160
1757530017616 2.0182787173371734e+294 161
1757530017729 1.1825594818017749e+296 162
1757530017823 6.928908856772436e+297 163
1757530017918 4.059819288946941e+299 164
1757530018016 2.378748660086024e+301 165
1757530018116 1.393767748053832e+303 166
1757530018235 inf 167
