1757530087487 1064046633952.5638 0
1757530087562 868234528443.296 1
1757530087642 656204156452.0448 2
1757530087731 499032194524.87415 3
1757530087810 397964854285.26874 4
1757530087884 335551960128.2372 5
1757530087966 297420714879.28235 6
1757530088040 274673965598.4851 7
1757530088121 261567676844.09857 8
1757530088203 254134765347.29938 9
1757530088283 249795863124.54712 10
1757530088356 247086252014.55402 11
1757530088430 245270663179.5811 12
1757530088506 243991736476.33572 13
1757530088583 243057665913.25128 14
1757530088659 242350775997.37854 15
1757530088741 241795709588.15182 16
1757530088818 241345517102.179 17
1757530088896 240971486189.97717 18
1757530088979 240655452873.04156 19
1757530089057 240385097378.5897 20
1757530089135 240151553202.18442 21
1757530089214 239948230432.1017 22
1757530089293 239770131470.22864 23
1757530089374 239613380792.77548 24
1757530089450 239474897506.36484 25
1757530089529 239352178485.27408 26
1757530089611 239243157106.21057 27
1757530089691 239146106203.95493 28
1757530089768 239059566942.46405 29
1757530089866 238982295111.66888 30
1757530089952 238913219525.31534 31
1757530090034 238851411307.69955 32
1757530090113 238796059989.52045 33
1757530090205 238746454888.21082 34
1757530090283 238701970320.76035 35
1757530090372 238662053659.44662 36
1757530090456 238626215542.47964 37
1757530090543 238594021742.69235 38
1757530090630 238565086328.34274 39
1757530090719 238539065845.98877 40
1757530090799 238515654325.74564 41
1757530090886 238494578959.43747 42
1757530090971 238475596337.49042 43
1757530091049 238458489155.58975 44
1757530091128 238443063320.51288 45
1757530091207 238429145398.28336 46
1757530091288 238416580358.18314 47
1757530091370 238405229574.12524 48
1757530091465 238394969051.07562 49
1757530091545 238385687849.10257 50
1757530091634 238377286681.561 51
1757530091714 238369676667.12793 52
1757530091798 238362778218.06192 53
1757530091879 238356520049.2847 54
1757530091978 238350838294.77057 55
1757530092053 238345675719.34277 56
1757530092131 238340981015.3689 57
1757530092209 238336708175.05432 58
1757530092298 238332815930.08987 59
1757530092378 238329267251.3333 60
1757530092460 238326028902.0197 61
1757530092545 238323071038.71317 62
1757530092628 238320366854.84897 63
1757530092708 238317892262.278 64
1757530092823 238315625606.7244 65
1757530092931 238313547413.51312 66
1757530093017 238311640160.31772 67
1757530093099 238309888074.0307 68
1757530093184 238308276949.1715 69
1757530093269 238306793985.52573 70
1757530093351 238305427642.9593 71
1757530093431 238304167511.57013 72
1757530093516 238303004195.53937 73
1757530093606 238301929209.21997 74
1757530093690 238300934884.15652 75
1757530093791 238300014285.87274 76
1757530093891 238299161139.38373 77
1757530093993 238298369762.5078 78
1757530094099 238297635006.14563 79
1757530094189 238296952200.7888 80
1757530094273 238296317108.59525 81
1757530094371 238295725880.44247 82
1757530094452 238295175017.43066 83
1757530094541 238294661336.3652 84
1757530094631 238294181938.79825 85
1757530094714 238293734183.2538 86
1757530094797 238293315660.30084 87
1757530094885 238292924170.17432 88
1757530094967 238292557702.67715 89
1757530095060 238292214419.1234 90
1757530095143 238291892636.1088 91
1757530095227 238291590810.91782 92
1757530095310 238291307528.39676 93
1757530095396 238291041489.1394 94
1757530095489 238290791498.8499 95
1757530095589 238290556458.75986 96
1757530095679 238290335356.99118 97
1757530095766 238290127260.76703 98
1757530095852 238289931309.38354 99
1757530095953 238289746707.8639 100
1757530096068 238289572721.22592 101
1757530096183 238289408669.2992 102
1757530096291 238289253922.03738 103
1757530096403 238289107895.27435 104
1757530096514 238288970046.88007 105
1757530096614 238288839873.27563 106
1757530096698 238288716906.27164 107
1757530096788 238288600710.19806 108
1757530096871 238288490879.29562 109
1757530096958 238288387035.34418 110
1757530097047 238288288825.5036 111
1757530097159 238288195920.34744 112
1757530097274 238288108012.06958 113
1757530097393 238288024812.84808 114
1757530097509 238287946053.3506 115
1757530097634 238287871481.36755 116
1757530097748 238287800860.5622 117
1757530097871 238287733969.3246 118
1757530097994 238287670599.72156 119
1757530098110 238287610556.53296 120
1757530098222 238287553656.36588 121
1757530098375 238287499726.84058 122
1757530098513 238287448605.8408 123
1757530098626 238287400140.8233 124
1757530098735 238287354188.18076 125
1757530098838 238287310612.65384 126
1757530098951 238287269286.78775 127
1757530099058 238287230090.42966 128
1757530099166 238287192910.2632 129
1757530099274 238287157639.3774 130
1757530099383 238287124176.86618 131
