1757529989178 1019579532928.9148 0
1757529989270 4125203996814.378 1
1757529989361 1.3019011696583666e+16 2
1757529989467 5.276212401721188e+19 3
1757529989602 2.1383392935974217e+23 4
1757529989743 8.666245029433204e+26 5
1757529989866 3.51224911488489e+30 6
1757529989998 1.4234416178064803e+34 7
1757529990105 5.768913232027261e+37 8
1757529990207 2.3380207141859553e+41 9
1757529990301 9.475512354068925e+44 10
1757529990389 3.840228353296451e+48 11
1757529990471 1.5563647910953541e+52 12
1757529990550 6.30762324558644e+55 13
1757529990622 2.5563486938214224e+59 14
1757529990704 1.0360350309405475e+63 15
1757529990792 4.198834798751286e+66 16
1757529990870 1.7017005352801117e+70 17
1757529990950 6.896638830929511e+73 18
1757529991034 2.7950644768678747e+77 19
1757529991110 1.1327815797475594e+81 20
1757529991176 4.590928467071745e+84 21
1757529991244 1.860607955371828e+88 22
1757529991337 7.540657599923429e+91 23
1757529991433 3.0560719078468886e+95 24
1757529991522 1.2385624704701843e+99 25
1757529991617 5.019636446768007e+102 26
1757529991703 2.034354395394894e+106 27
1757529991791 8.244815834675118e+109 28
1757529991880 3.341452615217226e+113 29
1757529991983 1.354221343887908e+117 30
1757529992080 5.488377838697416e+120 31
1757529992192 2.224325545912989e+124 32
1757529992304 9.014729451235015e+127 33
1757529992388 3.65348261311309e+131 34
1757529992476 1.480680621257136e+135 35
1757529992574 6.000891024627831e+138 36
1757529992665 2.432036495411472e+142 37
1757529992795 9.856538788554565e+145 38
1757529992904 3.9946504533783213e+149 39
1757529992999 1.6189488609536263e+153 40
1757529993076 6.5612634821813714e+156 41
1757529993166 2.6591438136747895e+160 42
1757529993239 1.0776957579905094e+164 43
1757529993311 4.36767707266539e+167 44
1757529993394 1.7701288020895148e+171 45
1757529993477 7.1739643839436e+174 46
1757529993548 2.907458763528373e+178 47
1757529993624 1.1783326497323717e+182 48
1757529993702 4.7755374928871754e+185 49
1757529993779 1.9354261592556958e+189 50
1757529993858 7.843880240727819e+192 51
1757529993936 3.178961746313348e+196 52
1757529994022 1.2883671696122064e+200 53
1757529994098 5.221484548090411e+203 54
1757529994172 2.116159238530837e+207 55
1757529994251 8.576353873262237e+210 56
1757529994327 3.475818096301938e+214 57
1757529994404 1.4086768826371433e+218 58
1757529994492 5.70907482698117e+221 59
1757529994577 2.313769451448132e+225 60
1757529994662 9.377227023113699e+228 61
1757529994750 3.8003953500198066e+232 62
1757529994843 1.5402213021879494e+236 63
1757529994935 6.242197038003351e+239 64
1757529995022 2.5298328107724703e+243 65
1757529995106 1.0252886942684691e+247 66
1757529995190 4.1552821282041824e+250 67
1757529995269 1.6840495424844645e+254 68
1757529995355 6.825103023191828e+257 69
1757529995443 2.7660724997710136e+261 70
1757529995548 1.1210317335856588e+265 71
1757529995628 4.543308780988578e+268 72
1757529995701 1.8413086856502117e+272 73
1757529995776 7.462441668147397e+275 74
1757529995850 3.024372615221643e+279 75
1757529995936 1.2257154055548356e+283 76
1757529996025 4.967569960966444e+286 77
1757529996108 2.013252930106228e+290 78
1757529996189 8.159295978576933e+293 79
1757529996271 3.3067931937647283e+297 80
1757529996364 1.3401746002399446e+301 81
1757529996457 inf 82
1757529996549 inf 83
