1757530049918 1053300434778.6989 0
1757530049994 3135078377547.084 1
1757530050063 6799528839570706.0 2
1757530050134 2.061986283820813e+19 3
1757530050203 6.253359732992207e+22 4
1757530050273 1.8964485248664874e+26 5
1757530050346 5.751335539690589e+29 6
1757530050424 1.7442002804920186e+33 7
1757530050498 5.289614207819459e+36 8
1757530050576 1.6041746341006566e+40 9
1757530050649 4.8649601948056e+43 10
1757530050727 1.4753903467817793e+47 11
1757530050803 4.474397709771666e+50 12
1757530050880 1.3569449541864896e+54 13
1757530050953 4.115189860460883e+57 14
1757530051029 1.248008442449514e+61 15
1757530051108 3.7848194742850243e+64 16
1757530051186 1.1478174318124989e+68 17
1757530051258 3.4809714590720904e+71 18
1757530051330 1.0556698271902396e+75 19
1757530051399 3.2015165799059494e+78 20
1757530051468 9.70919898193285e+81 21
1757530051539 2.944496538372924e+85 22
1757530051613 8.929737541298326e+88 23
1757530051689 2.7081102496569925e+92 24
1757530051763 8.212851822777055e+95 25
1757530051835 2.490701221319765e+99 26
1757530051916 7.553518202628573e+102 27
1757530051999 2.2907459453209225e+106 28
1757530052094 6.947116357220347e+109 29
1757530052178 2.106843221935593e+113 30
1757530052262 6.389396885806582e+116 31
1757530052335 1.937704340755298e+120 32
1757530052408 5.876451532573612e+123 33
1757530052487 1.7821440499651434e+127 34
1757530052566 5.404685799280643e+130 35
1757530052639 1.6390722506139279e+134 36
1757530052733 4.970793756577282e+137 37
1757530052856 1.5074863576741522e+141 38
1757530052940 4.5717348774865574e+144 39
1757530053025 1.3864642743616034e+148 40
1757530053113 4.2047127307125805e+151 41
1757530053199 1.2751579304816202e+155 42
1757530053289 3.867155384464529e+158 43
1757530053391 1.1727873395215143e+162 44
1757530053486 3.5566973834758403e+165 45
1757530053577 1.078635132843863e+169 46
1757530053649 3.2711631729210906e+172 47
1757530053734 9.920415326787006e+175 48
1757530053819 3.0085518530727345e+179 49
1757530053906 9.123997286874621e+182 50
1757530053992 2.767023157864868e+186 51
1757530054069 8.391516256996958e+189 52
1757530054154 2.5448845591079553e+193 53
1757530054236 7.717839328245307e+196 54
1757530054315 2.3405794059864533e+200 55
1757530054398 7.098245665310344e+203 56
1757530054484 2.152676016725956e+207 57
1757530054579 6.528393424918918e+210 58
1757530054664 1.9798576459891986e+214 59
1757530054744 6.004289330082098e+217 60
1757530054826 1.8209132576966378e+221 61
1757530054906 5.522260686944667e+224 62
1757530054994 1.6747290386116317e+228 63
1757530055071 5.078929648141649e+231 64
1757530055146 1.5402805932210466e+235 65
1757530055223 4.6711895423112245e+238 66
1757530055300 1.4166257652164281e+242 67
1757530055379 4.2961831038911065e+245 68
1757530055469 1.3028980352718326e+249 69
1757530055564 3.951282450642552e+252 70
1757530055642 1.1983004488527336e+256 71
1757530055723 3.6340706685930754e+259 72
1757530055803 1.102100031504831e+263 73
1757530055882 3.3423248753530524e+266 74
1757530055972 1.0136226524874024e+270 75
1757530056054 3.0740006431214373e+273 76
1757530056134 9.32248300757896e+276 77
1757530056217 2.8272176722236725e+280 78
1757530056300 8.574067402038262e+283 79
1757530056380 2.600246614788394e+287 80
1757530056457 7.885735136758045e+290 81
1757530056539 2.3914969562285536e+294 82
1757530056614 7.252662678196047e+297 83
1757530056689 2.1995058696060963e+301 84
1757530056765 inf 85
1757530056845 inf 86
