1757530241023 207965708191.21985 0
1757530241118 483866560872.96576 1
1757530241219 123571211427.46674 2
1757530241312 106046544382.69005 3
1757530241406 423345046328.60736 4
1757530241505 150750408258.00156 5
1757530241598 197623482788.4798 6
1757530241705 43650646248.81613 7
1757530241801 506083014128.54767 8
1757530241894 84135634263.32797 9
1757530242000 529166478670.5884 10
1757530242096 190989541322.57556 11
1757530242218 442722651989.11584 12
1757530242334 130712487209.84277 13
1757530242428 132502005855.35118 14
1757530242525 605438361312.9376 15
1757530242623 335820802676.6614 16
1757530242717 320913539247.9793 17
1757530242820 419310940269.5965 18
1757530242992 438374723587.76263 19
1757530243105 658350928046.6901 20
1757530243210 106170291681.86942 21
1757530243309 82116197983.53487 22
1757530243408 138218728644.65543 23
1757530243504 136044923128.35127 24
1757530243606 157738617968.41437 25
1757530243731 76842144690.73175 26
1757530243844 210773566664.24307 27
1757530243950 141630768676.52524 28
1757530244064 403978299142.4032 29
1757530244163 332548690815.08514 30
1757530244265 354801015373.1168 31
1757530244364 129702983089.06886 32
1757530244461 717267790189.1035 33
1757530244549 142866766977.71732 34
1757530244640 435206153339.1159 35
1757530244729 316244125386.3732 36
1757530244818 465865472374.85114 37
1757530244910 214719200374.73337 38
1757530245005 218989928205.44727 39
1757530245096 352636175774.20337 40
1757530245186 217521978181.37845 41
1757530245277 274111641820.86017 42
1757530245366 117808326829.53691 43
1757530245462 127355570035.04247 44
1757530245572 332389338005.2782 45
1757530245666 179529653347.03366 46
1757530245756 446221523987.90497 47
1757530245854 189097110927.99893 48
1757530245951 342931050459.8618 49
1757530246061 62132971236.01505 50
1757530246159 132943304482.94835 51
1757530246251 104302989926.31288 52
1757530246342 110712136360.96788 53
1757530246432 139559828267.23105 54
1757530246531 447812879861.66406 55
1757530246621 96289750095.8844 56
1757530246730 175107128278.90387 57
1757530246825 205550779883.49503 58
1757530246916 520800209947.85504 59
1757530247026 191131103909.54538 60
1757530247138 169218366965.8428 61
1757530247267 699587984410.2246 62
1757530247404 71001070254.00233 63
1757530247526 557410007721.9314 64
1757530247643 380494817755.45447 65
1757530247739 190078338090.81644 66
1757530247830 175312608124.31754 67
1757530247927 93242649359.4613 68
1757530248027 288276228707.33276 69
1757530248120 258034631281.79077 70
1757530248216 481158406994.3926 71
1757530248305 137262059720.78548 72
1757530248396 299921408216.69244 73
1757530248496 193065384902.48013 74
1757530248588 296958754648.04736 75
1757530248686 112126558972.38936 76
1757530248777 357482816410.18866 77
1757530248872 159230668193.23724 78
1757530248968 554506124851.6267 79
1757530249063 89292304842.21625 80
1757530249154 142505329465.25372 81
1757530249245 343899363880.39575 82
1757530249338 159754830271.5234 83
1757530249434 69573396782.0086 84
1757530249530 527001226154.51135 85
1757530249622 240769708344.5188 86
1757530249716 192402360926.38943 87
1757530249809 189696790443.4552 88
1757530249901 181737075754.51483 89
1757530250002 302039061077.8293 90
1757530250102 302202821032.3452 91
1757530250194 204125733356.634 92
1757530250292 405960902681.3215 93
1757530250384 275604688723.18396 94
1757530250476 189699444537.66028 95
1757530250567 166358155169.91675 96
1757530250659 409453307622.3515 97
1757530250754 272901949128.79105 98
1757530250896 278526864509.8112 99
1757530250988 795867572381.232 100
1757530251082 190310032557.85626 101
1757530251174 391315032268.0167 102
1757530251284 411670421013.69336 103
1757530251389 121990291591.12675 104
1757530251484 247350791253.70197 105
1757530251576 102521745663.1124 106
1757530251671 84462270361.48976 107
1757530251767 465061251265.7984 108
1757530251862 158130368828.67404 109
1757530251960 159242163019.72226 110
1757530252060 516940111324.52386 111
1757530252168 326744836004.1332 112
1757530252269 267291741916.57098 113
1757530252372 213888528834.74197 114
1757530252469 372079265533.4107 115
1757530252587 227446739836.23035 116
1757530252688 211856960568.63672 117
1757530252786 1153871193606.875 118
1757530252932 172807485242.59427 119
1757530253065 322922789146.04065 120
1757530253163 293885046421.20953 121
1757530253258 226405417317.08005 122
1757530253355 297480965487.9862 123
1757530253451 232239623240.8124 124
1757530253547 173696007262.4014 125
1757530253641 277314743902.00977 126
1757530253737 197411681237.1495 127
1757530253835 1527917742298.1208 128
1757530253939 136949847592.80066 129
1757530254036 135085033939.78818 130
1757530254137 497193741265.10046 131
1757530254244 6079740802299.305 132
1757530254344 57514575827.6381 133
1757530254440 202527016331.07614 134
1757530254536 408236368333.91016 135
1757530254633 208207883372.38943 136
1757530254729 390130209495.2331 137
1757530254825 298628673187.29913 138
1757530254925 122326869358.09834 139
1757530255026 169146468646.8793 140
1757530255121 450397042868.5043 141
1757530255217 96502081428.61406 142
1757530255312 164402460310.5545 143
1757530255411 416333318384.81366 144
1757530255528 200058041484.99335 145
1757530255633 139818465673.17783 146
1757530255729 308082174207.8876 147
1757530255824 168422668050.7302 148
1757530255924 142379700288.2676 149
1757530256027 365670834412.85486 150
1757530256129 96834971213.23401 151
1757530256226 253070971948.0513 152
1757530256329 83194335648.67319 153
1757530256432 932051466622.4089 154
1757530256527 323537263790.10803 155
1757530256628 120518613776.47142 156
1757530256725 334814063726.2285 157
1757530256823 78262658046.98492 158
1757530256922 103359213317.8016 159
1757530257022 155072822304.76553 160
1757530257124 129901311634.8277 161
1757530257253 285721710326.8536 162
1757530257361 173689752101.24542 163
1757530257458 206644392783.76117 164
1757530257557 79513141116.9674 165
1757530257660 797946904882.4396 166
1757530257775 90914480852.1406 167
1757530257888 447773802610.97876 168
1757530258010 358572305134.0139 169
1757530258149 72092232286.10611 170
1757530258267 411148231510.66595 171
1757530258371 239873213141.99796 172
1757530258476 208751726326.38376 173
1757530258574 336620206779.88306 174
1757530258670 125525872686.10521 175
1757530258785 882124902607.7522 176
1757530258884 140327625423.52365 177
1757530258985 494246608254.9684 178
1757530259086 75085775383.59737 179
1757530259184 329097682940.55 180
1757530259278 139307636666.26007 181
1757530259374 322843176765.0284 182
1757530259469 283839155906.1561 183
1757530259580 271297372460.97827 184
1757530259681 166334776805.77228 185
1757530259778 216393656635.88248 186
1757530259876 252444853876.64508 187
1757530259978 177251337825.12442 188
1757530260086 74159288696.46918 189
1757530260187 201043318233.22263 190
1757530260291 634788984927.4395 191
1757530260391 523078317837.76483 192
1757530260502 109835101560.11176 193
1757530260601 375775204163.4175 194
1757530260699 132369260609.37195 195
1757530260800 187434450479.95483 196
1757530260899 487580448761.0529 197
1757530261000 111117929788.11761 198
1757530261104 301893334218.9775 199
1757530261205 455626468273.09216 200
1757530261313 483195332809.3127 201
1757530261412 877368746187.8601 202
1757530261508 165341186081.7574 203
1757530261612 78539111773.48065 204
1757530261711 120936344741.31863 205
1757530261809 166604292769.27673 206
1757530261909 687987635476.7706 207
1757530262012 497534062405.6322 208
1757530262110 586179735333.1683 209
1757530262209 280673110782.9908 210
1757530262309 740057360492.9519 211
1757530262420 574217514868.3986 212
1757530262535 301202212522.87524 213
1757530262639 183192923127.79083 214
1757530262738 220147418198.61276 215
1757530262841 314206584745.47156 216
1757530263012 165743376002.24765 217
1757530263123 253725829246.01273 218
1757530263231 319323712385.26624 219
1757530263335 317344254270.8316 220
1757530263444 861201807954.695 221
1757530263543 130748309432.07803 222
1757530263643 85886791622.83873 223
1757530263742 254910328284.3765 224
1757530263843 237767085334.01288 225
1757530263944 393221405301.89166 226
1757530264047 169771429255.27295 227
1757530264146 92076152055.59198 228
1757530264246 378453172069.9054 229
1757530264361 164637004483.86688 230
1757530264468 109284744177.09377 231
1757530264579 280570236393.1769 232
1757530264711 405537213281.9207 233
1757530264816 334398570848.2414 234
1757530264918 271236638267.76907 235
1757530265023 473378557945.7548 236
1757530265126 1591415780086.9907 237
1757530265229 200337426990.08157 238
1757530265332 620441571712.1415 239
1757530265434 246764875823.31824 240
1757530265561 423540085051.016 241
1757530265674 191233303774.46454 242
1757530265778 483410355163.0291 243
1757530265884 197832415987.49695 244
1757530265990 91758524600.32611 245
1757530266097 215633674767.15417 246
1757530266206 193698483856.58475 247
1757530266314 145836712251.25293 248
1757530266418 147834371109.09106 249
1757530266522 356340183950.796 250
1757530266635 282613357471.417 251
1757530266753 370499239629.6512 252
1757530266858 134462656107.93396 253
1757530266965 194607470026.6392 254
1757530267068 297468844221.44226 255
1757530267176 197422087232.66837 256
1757530267287 412708060377.46924 257
1757530267390 446935875176.2816 258
1757530267498 204075618433.64908 259
1757530267602 262114483316.69812 260
1757530267710 339967354004.584 261
1757530267817 314069470211.39484 262
1757530267919 348239630360.32385 263
1757530268027 164444573839.53107 264
1757530268132 151693368813.6833 265
1757530268239 231102122304.1582 266
1757530268363 191350931938.50662 267
1757530268483 509267661024.02734 268
1757530268610 290356488060.6792 269
1757530268750 152356411120.4229 270
1757530268884 241936449097.55905 271
1757530268997 512783546561.1389 272
1757530269102 649425541830.4325 273
1757530269205 319084087580.9775 274
1757530269311 85478854438.16321 275
1757530269415 149211220251.2988 276
1757530269518 192980748102.64874 277
1757530269630 335205362169.10913 278
1757530269734 134239616670.27077 279
1757530269846 504761670807.80194 280
1757530269974 131312473193.57507 281
1757530270081 177812108367.89948 282
1757530270191 231663912818.84308 283
1757530270295 220957261422.92023 284
1757530270400 269310833733.54636 285
1757530270508 273427407383.33493 286
1757530270612 235165807506.01154 287
1757530270715 132949299904.92535 288
1757530270831 339601921287.5965 289
1757530270948 546012023795.19135 290
1757530271050 226826403299.4516 291
1757530271157 248996186514.69437 292
1757530271262 193371000280.20584 293
1757530271366 276075840595.6369 294
1757530271468 260152820333.95477 295
1757530271571 85835766574.87689 296
1757530271675 117884432048.21371 297
1757530271785 415651400854.81683 298
1757530271899 367008799713.25323 299
1757530272041 141677587732.22342 300
1757530272169 411039812258.20856 301
1757530272280 289694036870.59485 302
1757530272387 188614632251.22607 303
1757530272492 192369358025.24954 304
1757530272604 78469206913.44212 305
1757530272711 297651981526.8849 306
1757530272818 129003399603.02359 307
1757530273014 548269855477.53644 308
1757530273129 559404518583.0858 309
1757530273241 138822857552.34268 310
1757530273346 581975530935.6062 311
1757530273459 260699556577.91342 312
1757530273566 424231087811.0264 313
1757530273677 416695745938.2407 314
1757530273785 81881321342.01884 315
1757530273917 114126168955.47993 316
1757530274029 192074544464.00833 317
1757530274140 265436559051.52896 318
1757530274247 190789057955.73776 319
1757530274350 226123688915.03458 320
1757530274469 150160038637.66312 321
1757530274582 213394627071.89493 322
1757530274689 162409420876.49393 323
1757530274797 812397555810.3894 324
1757530274906 197847825631.16592 325
1757530275033 310547933139.5959 326
1757530275169 260902261296.647 327
1757530275282 474756351972.25366 328
1757530275388 766600975344.013 329
1757530275504 64985919086.68474 330
1757530275633 348986115116.14075 331
1757530275744 344302628936.33105 332
1757530275855 341073528516.537 333
1757530275969 248603645739.67795 334
1757530276077 189111644024.45407 335
1757530276192 280248001934.7145 336
1757530276304 90938521880.14067 337
1757530276407 148664033391.3501 338
1757530276517 160098182836.44183 339
1757530276636 201834001381.4861 340
1757530276748 208007670073.1183 341
1757530276856 203838715328.6879 342
1757530276965 133469601416.70834 343
1757530277077 82136509744.20341 344
1757530277194 232076206299.056 345
1757530277319 101139408750.04768 346
1757530277433 195495857264.60034 347
1757530277540 101940457044.9082 348
1757530277681 154419026676.67645 349
1757530277791 359979570802.4109 350
1757530277922 606208609051.7449 351
1757530278037 198174275177.03067 352
1757530278147 471771622481.42737 353
1757530278269 327532746135.2414 354
1757530278400 121517143675.16075 355
1757530278513 792674915870.6008 356
1757530278620 67868219705.450485 357
1757530278728 297069903301.3071 358
1757530278839 591713331561.6982 359
1757530278967 455260075338.1001 360
1757530279119 201010869368.56662 361
1757530279269 191884839246.1151 362
1757530279439 104557151235.61523 363
1757530279584 99951951832.62529 364
1757530279733 300184267973.77795 365
1757530279850 637152805361.5891 366
1757530279965 561642757667.0114 367
1757530280078 302414767253.92786 368
1757530280185 112265074568.6864 369
1757530280300 316286955159.10376 370
1757530280413 851128610377.9224 371
1757530280527 376645174722.5527 372
1757530280637 404953858370.90967 373
1757530280781 170069906653.67548 374
1757530280946 223812948675.52374 375
1757530281062 129267349193.2375 376
1757530281175 84420902177.17206 377
1757530281283 195877958601.23798 378
1757530281395 259581259503.11835 379
1757530281509 158571206307.58746 380
1757530281617 84439866098.6141 381
1757530281723 1100104264063.1855 382
1757530281830 215468771049.05173 383
1757530281941 371331087202.136 384
1757530282051 131405677382.04868 385
1757530282156 178179725059.4757 386
1757530282262 508800694561.3969 387
1757530282373 406018205208.8522 388
1757530282498 241318702719.97733 389
1757530282625 631158654211.0297 390
1757530282745 189552801693.30396 391
1757530282861 158821149904.73642 392
1757530283050 174558041336.98438 393
1757530283166 329839714889.58844 394
1757530283287 381480346366.16797 395
1757530283403 133273764877.15408 396
1757530283523 128648573754.53456 397
1757530283664 208512951121.6941 398
1757530283780 267783363116.36694 399
1757530283894 153928005650.31235 400
1757530284024 306705550814.71204 401
1757530284131 266328320906.58966 402
1757530284238 469370070129.5687 403
1757530284369 131394698421.40924 404
1757530284484 599883336746.2961 405
1757530284594 83357055296.40918 406
1757530284708 907263454609.7024 407
1757530284829 117763499771.0269 408
1757530284945 133895306078.27817 409
1757530285057 380140865279.9449 410
1757530285167 384141471570.7911 411
1757530285278 490153928707.3272 412
1757530285388 466771492717.0873 413
1757530285501 165380262283.60593 414
1757530285624 166236262301.2541 415
1757530285743 230196167086.12054 416
1757530285854 501716240075.29645 417
1757530285966 271741397910.71344 418
1757530286077 141518346705.1423 419
1757530286188 87570466763.15434 420
1757530286295 372343250121.9861 421
1757530286400 397920174250.30646 422
1757530286506 87777513822.51123 423
1757530286616 285256620820.3681 424
1757530286725 312331954126.93896 425
1757530286840 582220703288.5793 426
1757530286950 122748578859.18321 427
1757530287057 121184248861.25505 428
1757530287163 334089403875.29596 429
1757530287268 131585409560.95659 430
1757530287386 287365831246.1982 431
1757530287516 133184733112.22743 432
1757530287650 116078389819.7225 433
1757530287775 86558651417.69205 434
1757530287896 189028375118.154 435
1757530288017 402353926656.0578 436
1757530288129 89648651482.5115 437
1757530288246 442882604708.4487 438
1757530288363 145880247291.40436 439
1757530288474 283854906752.1512 440
1757530288583 122107384108.44052 441
1757530288689 349135823772.82947 442
1757530288798 309625732307.16095 443
1757530288909 195950368121.60138 444
1757530289023 1196394686865.796 445
1757530289156 257536516045.22028 446
1757530289288 467064624396.47375 447
1757530289406 982287007463.1814 448
1757530289520 108395668812.40648 449
1757530289631 223499033596.13522 450
1757530289771 426310131225.22705 451
1757530289911 141561055864.43042 452
1757530290059 245150660602.81876 453
1757530290205 173550826580.55536 454
1757530290334 60930218533.0363 455
1757530290445 271232105321.9988 456
1757530290557 299004081802.0303 457
1757530290665 91512594354.62051 458
1757530290774 227092744264.18274 459
1757530290880 770471385328.1537 460
1757530290984 150549861120.07956 461
1757530291091 80108185872.13167 462
1757530291196 190911904361.62985 463
1757530291300 278209540109.0993 464
1757530291406 337316765952.64343 465
1757530291515 161463414359.33463 466
1757530291619 272392243707.9207 467
1757530291725 127213001773.82657 468
1757530291831 443899096730.0336 469
1757530291946 372312260852.32697 470
1757530292052 404160903896.67926 471
1757530292164 554054522954.799 472
1757530292272 230702602939.70624 473
1757530292379 534328348342.60956 474
1757530292483 634017843843.662 475
1757530292589 117209508535.17252 476
1757530292695 70286478951.05072 477
1757530292801 167420541341.65656 478
1757530292940 181597481377.81467 479
1757530293073 99519495211.39795 480
1757530293187 514678786953.64606 481
1757530293294 192369177526.69955 482
1757530293406 204731036979.34357 483
1757530293520 451009389493.8412 484
1757530293629 97924492857.22215 485
1757530293741 831114052621.5851 486
1757530293856 833911973915.7449 487
1757530293982 212606716101.40997 488
1757530294091 82111305381.29735 489
1757530294208 402363166111.4367 490
1757530294325 215710264681.08374 491
1757530294435 531613328625.80865 492
1757530294545 155341834387.54242 493
1757530294661 90454171332.07193 494
1757530294773 526506434965.9431 495
1757530294888 179569176962.1588 496
1757530294998 112656772816.70206 497
1757530295115 879139107847.2634 498
1757530295224 100382411816.7403 499
