1757529869516 1053301864418.5897 0
1757529869617 3132675562629.6167 1
1757529869715 6797253408495906.0 2
1757529869812 2.0627918072837235e+19 3
1757529869912 6.260348123851028e+22 4
1757529870007 1.8999473840034334e+26 5
1757529870113 5.766133114035123e+29 6
1757529870208 1.7499585182551107e+33 7
1757529870306 5.3109332633333375e+36 8
1757529870424 1.611810327693062e+40 9
1757529870569 4.891668570558271e+43 10
1757529870691 1.484568065675305e+47 11
1757529870828 4.505502181582556e+50 12
1757529870999 1.36737077791117e+54 13
1757529871144 4.149821194024277e+57 14
1757529871303 1.2594254770224393e+61 15
1757529871448 3.8222189776688177e+64 16
1757529871583 1.1600017769841717e+68 17
1757529871699 3.520478890581833e+71 18
1757529871800 1.0684269511426308e+75 19
1757529871901 3.242559280732616e+78 20
1757529872008 9.840813803714712e+81 21
1757529872114 2.986579671644477e+85 22
1757529872210 9.06394360567319e+88 23
1757529872311 2.7508080386011394e+92 24
1757529872408 8.348402411171732e+95 25
1757529872493 2.53364908931632e+99 26
1757529872580 7.689348682094063e+102 27
1757529872693 2.333633469770528e+106 28
1757529872803 7.082323089229655e+109 29
1757529872879 2.1494078221790152e+113 30
1757529872958 6.523218339290497e+116 31
1757529873033 1.9797256278204733e+120 32
1757529873107 6.008251383895051e+123 33
1757529873192 1.8234387727666672e+127 34
1757529873269 5.533937822477252e+130 35
1757529873343 1.679489779444489e+134 36
1757529873429 5.097068325924598e+137 37
1757529873505 1.5469046514672467e+141 38
1757529873581 4.694686921421531e+144 39
1757529873658 1.424786283321412e+148 40
1757529873736 4.3240709915671324e+151 41
1757529873816 1.3123083903169862e+155 42
1757529873893 3.9827128524368084e+158 43
1757529873974 1.2087099177300723e+162 44
1757529874050 3.6683027859393486e+165 45
1757529874133 1.113289891308353e+169 46
1757529874214 3.378713411662895e+172 47
1757529874305 1.025402674296704e+176 48
1757529874413 3.111985292464746e+179 49
1757529874523 9.444535988907186e+182 50
1757529874640 2.866313676409302e+186 51
1757529874754 8.698949425594435e+189 52
1757529874868 2.6400362853463304e+193 53
1757529874972 8.01222222012052e+196 54
1757529875084 2.4316220675039496e+200 55
1757529875193 7.379707797324715e+203 56
1757529875317 2.2396608379935584e+207 57
1757529875435 6.797126399856164e+210 58
1757529875558 2.062853737131531e+214 59
1757529875670 6.2605361302205e+217 60
1757529875780 1.9000044420162153e+221 61
1757529875894 5.7663062788748614e+224 62
1757529876009 1.750011071895579e+228 63
1757529876124 5.311092757900964e+231 64
1757529876235 1.6118587325549887e+235 65
1757529876356 4.8918154740354826e+238 66
1757529876473 1.4846126492786007e+242 67
1757529876587 4.505637487956552e+245 68
1757529876701 1.3674118419201062e+249 69
1757529876811 4.149945818813228e+252 70
1757529876927 1.2594632992868014e+256 71
1757529877043 3.82233376411651e+259 72
1757529877151 1.1600366134192605e+263 73
1757529877261 3.5205846153632917e+266 74
1757529877401 1.068459037460835e+270 75
1757529877536 3.2426566592092373e+273 76
1757529877657 9.841109336771748e+276 77
1757529877762 2.9866693627043966e+280 78
1757529877871 9.06421580825893e+283 79
1757529877997 2.7508906491174375e+287 80
1757529878116 8.348653125079707e+290 81
1757529878232 2.5337251782532664e+294 82
1757529878348 7.689579603719893e+297 83
1757529878457 2.3337035519656743e+301 84
1757529878576 inf 85
1757529878695 inf 86
