1757530223808 1064045593456.7853 0
1757530223889 868233285282.5349 1
1757530223969 656202939326.0853 2
1757530224044 499031280137.6691 3
1757530224123 397964293694.9199 4
1757530224199 335551655015.5706 5
1757530224275 297420553177.53143 6
1757530224349 274673875919.1028 7
1757530224423 261567627668.356 8
1757530224495 254134742452.94855 9
1757530224568 249795857200.89166 10
1757530224641 247086255896.932 11
1757530224717 245270672022.4723 12
1757530224797 243991747539.8931 13
1757530224876 243057677812.3037 14
1757530224962 242350788024.1842 15
1757530225044 241795721349.8128 16
1757530225121 241345528379.80008 17
1757530225206 240971496879.93393 18
1757530225281 240655462945.1521 19
1757530225356 240385106841.89963 20
1757530225431 240151562082.44003 21
1757530225551 239948238760.40298 22
1757530225653 239770139278.56973 23
1757530225753 239613388112.61118 24
1757530225846 239474904296.97937 25
1757530225993 239352184758.85367 26
1757530226101 239243162895.62717 27
1757530226210 239146111548.74118 28
1757530226333 239059571882.9412 29
1757530226446 238982299467.76065 30
1757530226559 238913223260.85385 31
1757530226665 238851414452.35413 32
1757530226772 238796062600.1485 33
1757530226894 238746457030.1775 34
1757530227005 238701972059.18652 35
1757530227120 238662055055.30627 36
1757530227228 238626216651.05414 37
1757530227309 238594022613.17508 38
1757530227393 238565087003.99597 39
1757530227473 238539066364.54938 40
1757530227557 238515654719.9246 41
1757530227640 238494579257.43552 42
1757530227719 238475596563.49484 43
1757530227801 238458489330.2354 44
1757530227881 238443063461.30383 45
1757530227961 238429145519.97253 46
1757530228041 238416580473.11288 47
1757530228124 238405229692.53082 48
1757530228202 238394969181.35495 49
1757530228281 238385687998.05573 50
1757530228385 238377286854.60223 51
1757530228476 238369676868.47314 52
1757530228555 238362778450.89432 53
1757530228638 238356520315.90076 54
1757530228715 238350838596.70853 55
1757530228799 238345676057.49594 56
1757530228897 238340981390.08478 57
1757530228978 238336708586.22177 58
1757530229062 238332816377.21503 59
1757530229148 238329267733.60648 60
1757530229234 238326029418.37296 61
1757530229320 238323071587.8711 62
1757530229424 238320367435.37222 63
1757530229507 238317892872.6011 64
1757530229588 238315626245.18848 65
1757530229673 238313548078.39377 66
1757530229756 238311640849.8491 67
1757530229839 238309888786.426 68
1757530229942 238308277682.6398 69
1757530230031 238306794738.28717 70
1757530230113 238305428413.25684 71
1757530230194 238304168297.6796 72
1757530230274 238303004995.77777 73
1757530230360 238301930021.952 74
1757530230443 238300935707.8001 75
1757530230523 238300015118.90274 76
1757530230604 238299161980.33514 77
1757530230683 238298370609.9779 78
1757530230766 238297635858.79526 79
1757530230853 238296953057.343 80
1757530230938 238296317967.84378 81
1757530231020 238295726741.2392 82
1757530231106 238295175878.6928 83
1757530231223 238294662197.0726 84
1757530231315 238294182797.992 85
1757530231401 238293735040.03464 86
1757530231489 238293316513.82755 87
1757530231573 238292925019.662 88
1757530231659 238292558547.39523 89
1757530231750 238292215258.39362 90
1757530231834 238291893469.3033 91
1757530231916 238291591637.4571 92
1757530232000 238291308347.74747 93
1757530232080 238291042300.81235 94
1757530232160 238290792302.39792 95
1757530232244 238290557253.776 96
1757530232333 238290336143.10654 97
1757530232411 238290128037.64893 98
1757530232495 238289932076.73352 99
1757530232579 238289747465.41592 100
1757530232665 238289573468.74445 101
1757530232753 238289409406.57782 102
1757530232847 238289254648.89685 103
1757530232993 238289108611.56104 104
1757530233084 238288970752.46436 105
1757530233169 238288840568.05057 106
1757530233254 238288717590.15155 107
1757530233346 238288601383.117 108
1757530233434 238288491541.2062 109
1757530233521 238288387686.2163 110
1757530233609 238288289465.32333 111
1757530233696 238288196549.11578 112
1757530233792 238288108629.8015 113
1757530233878 238288025419.57166 114
1757530233967 238287946649.10556 115
1757530234050 238287872066.2049 116
1757530234134 238287801434.54297 117
1757530234226 238287734532.51935 118
1757530234314 238287671152.2095 119
1757530234405 238287611098.40097 120
1757530234496 238287554187.70822 121
1757530234575 238287500247.758 122
1757530234656 238287449116.44 123
1757530234744 238287400641.21637 124
1757530234834 238287354678.4846 125
1757530234920 238287311092.9896 126
1757530235009 238287269757.2805 127
1757530235101 238287230551.2079 128
1757530235184 238287193361.45844 129
1757530235266 238287158081.12347 130
1757530235354 238287124609.2995 131
