1757530023518 1019579673512.0146 0
1757530023591 830198733473.5005 1
1757530023666 627432976647.8372 2
1757530023748 479044488404.897 3
1757530023829 384373334292.4772 4
1757530023912 326030261684.73944 5
1757530023993 290552536034.04 6
1757530024087 269734500055.2725 7
1757530024162 258099634066.6856 8
1757530024239 251761491554.87988 9
1757530024309 248213422470.00653 10
1757530024382 246076784018.40396 11
1757530024454 244684849711.24127 12
1757530024522 243721535526.8768 13
1757530024599 243020059836.33957 14
1757530024680 242482187973.8103 15
1757530024756 242049199700.83044 16
1757530024852 241687029349.57416 17
1757530024925 241375948445.34418 18
1757530024993 241104186347.8601 19
1757530025071 240864658380.68622 20
1757530025151 240653206372.29645 21
1757530025223 240467317292.34564 22
1757530025303 240305098898.8595 23
1757530025394 240164619420.25922 24
1757530025485 240043651947.7048 25
1757530025567 239939722115.44284 26
1757530025639 239850301013.95795 27
1757530025717 239773012052.6461 28
1757530025790 239705778111.4458 29
1757530025867 239646886894.2285 30
1757530025960 239594985286.30258 31
1757530026039 239549028196.02542 32
1757530026115 239508208684.45255 33
1757530026190 239471889839.43362 34
1757530026263 239439549900.0238 35
1757530026339 239410744153.78165 36
1757530026412 239385081843.92218 37
1757530026486 239362213917.61508 38
1757530026565 239341827205.7823 39
1757530026641 239323641572.173 40
1757530026726 239307407877.25577 41
1757530026816 239292905752.40356 42
1757530026907 239279940954.046 43
1757530026993 239268342458.6168 44
1757530027074 239257959567.01907 45
1757530027158 239248659237.42953 46
1757530027237 239240323760.83862 47
1757530027316 239232848798.3437 48
1757530027389 239226141739.31528 49
1757530027479 239220120316.3413 50
1757530027557 239214711415.30322 51
1757530027642 239209850033.67966 52
1757530027719 239205478356.8361 53
1757530027798 239201544934.97363 54
1757530027872 239198003950.92477 55
1757530027950 239194814571.9535 56
