1757530124343 1064043467904.6279 0
1757530124426 1081899684259.5961 1
1757530124506 16767935555079.355 2
1757530124574 960474541736784.0 3
1757530124652 5.603716722108185e+16 4
1757530124744 3.2703766641119017e+18 5
1757530124835 1.908628227080137e+20 6
1757530124931 1.1138966913082884e+22 7
1757530125023 6.500825194464793e+23 8
1757530125115 3.793954009460055e+25 9
1757530125204 2.21419382871665e+27 10
1757530125326 1.2922281869646746e+29 11
1757530125441 7.541587667400676e+30 12
1757530125603 4.4013545841833606e+32 13
1757530125742 2.568679571206158e+34 14
1757530125853 1.4991100156398908e+36 15
1757530125944 8.748973068433633e+37 16
1757530126030 5.105998155812754e+39 17
1757530126117 2.979917410104782e+41 18
1757530126210 1.7391130000578925e+43 19
1757530126309 1.0149657224439695e+45 20
1757530126399 5.923453034402687e+46 21
1757530126481 3.4569931845862326e+48 22
1757530126565 2.017539737188237e+50 23
1757530126647 1.177458668209891e+52 24
1757530126729 6.871779969373945e+53 25
1757530126814 4.0104473492288506e+55 26
1757530126891 2.3405417537549648e+57 27
1757530126965 1.3659662436719753e+59 28
1757530127048 7.971931181564671e+60 29
1757530127128 4.652507853544343e+62 30
1757530127209 2.7152554173257664e+64 31
1757530127284 1.5846533124496252e+66 32
1757530127363 9.248213279068814e+67 33
1757530127446 5.397360304818332e+69 34
1757530127521 3.1499596063556425e+71 35
1757530127603 1.8383515202448882e+73 36
1757530127698 1.0728824284501407e+75 37
1757530127795 6.261461383205621e+76 38
1757530127893 3.6542586227282204e+78 39
1757530127990 2.1326660446394114e+80 40
1757530128077 1.244647663870669e+82 41
1757530128156 7.263902433635092e+83 42
1757530128245 4.239294388042368e+85 43
1757530128350 2.4740994352114177e+87 44
1757530128445 1.4439119945477876e+89 45
1757530128541 8.426831267680264e+90 46
1757530128638 4.917992611883071e+92 47
1757530128735 2.8701952800811946e+94 48
1757530128834 1.6750779425522698e+96 49
1757530128921 9.775941494635052e+97 50
1757530129010 5.705348370889039e+99 51
1757530129108 3.329704873036513e+101 52
1757530129197 1.9432528604375986e+103 53
1757530129288 1.1341040193016218e+105 54
1757530129374 6.61875740816593e+106 55
1757530129460 3.862780563561357e+108 56
1757530129554 2.2543617724708326e+110 57
1757530129642 1.3156706464558423e+112 58
1757530129729 7.678400472734822e+113 59
1757530129823 4.4812000616199145e+115 60
1757530129910 2.615278281403573e+117 61
1757530130001 1.5263055420714105e+119 62
1757530130102 8.9076891905654e+120 63
1757530130192 5.1986266529590596e+122 64
1757530130286 3.0339764330215554e+124 65
1757530130374 1.7706624481084288e+126 66
1757530130459 1.0333783318214255e+128 67
1757530130540 6.030911074094454e+129 68
1757530130624 3.5197068937497795e+131 69
1757530130703 2.0541401565550046e+133 70
1757530130812 1.1988190807208128e+135 71
1757530130932 6.996441716569924e+136 72
1757530131013 4.083201333759878e+138 73
1757530131095 2.383001789685782e+140 74
1757530131178 1.3907463936921832e+142 75
1757530131263 8.116550897860807e+143 76
1757530131354 4.736909531195676e+145 77
1757530131437 2.76451317672958e+147 78
1757530131518 1.6134006896227007e+149 79
1757530131603 9.41598617502136e+150 80
1757530131687 5.495274436068758e+152 81
1757530131768 3.207103384223301e+154 82
1757530131853 1.8717012656522863e+156 83
1757530131942 1.0923457114223323e+158 84
1757530132022 6.37505127105272e+159 85
1757530132114 3.720550946790672e+161 86
1757530132209 2.1713549835308496e+163 87
1757530132298 1.2672269596445619e+165 88
1757530132386 7.395677719350617e+166 89
1757530132474 4.316199912905936e+168 90
1757530132560 2.518982356332993e+170 91
1757530132642 1.4701061673588904e+172 92
1757530132725 8.579703378521592e+173 93
1757530132831 5.007210478931663e+175 94
1757530132954 2.9222638212748057e+177 95
1757530133037 1.705465723293034e+179 96
1757530133122 9.953287968567456e+180 97
1757530133205 5.80884974890857e+182 98
1757530133297 3.3901094303666262e+184 99
1757530133379 1.9785056330679098e+186 100
1757530133471 1.1546779301628954e+188 101
1757530133555 6.738829044109719e+189 102
1757530133637 3.932855708026764e+191 103
1757530133719 2.295258407494163e+193 104
1757530133806 1.339538378288447e+195 105
1757530133889 7.817695214834825e+196 106
1757530133986 4.562494025004404e+198 107
1757530134069 2.6627223441379156e+200 108
1757530134153 1.5539944256616274e+202 109
1757530134241 9.069284600040641e+203 110
1757530134341 5.292935534277416e+205 111
1757530134430 3.0890161468624513e+207 112
1757530134537 1.802784238308245e+209 113
1757530134623 1.052124966453717e+211 114
1757530134711 6.140318522387479e+212 115
1757530134795 3.583558299491543e+214 116
1757530134884 2.0914045483199985e+216 117
1757530134981 1.2205669949207147e+218 118
1757530135076 7.123364966794739e+219 119
1757530135164 4.157275156654114e+221 120
1757530135258 2.4262320979898025e+223 121
1757530135356 1.4159760832510553e+225 122
1757530135458 8.263794176988188e+226 123
1757530135569 4.8228423493446924e+228 124
1757530135669 2.814664526786387e+230 125
1757530135767 1.6426695762564378e+232 126
1757530135859 9.586802658288131e+233 127
1757530135960 5.594964838784629e+235 128
1757530136057 3.265283813907779e+237 129
1757530136146 1.9056560126094124e+239 130
1757530136238 1.11216208003932e+241 131
1757530136335 6.490701806060445e+242 132
1757530136449 3.788045887493921e+244 133
1757530136556 2.210745782892308e+246 134
1757530136683 1.2902158690082565e+248 135
1757530136794 7.529843555611646e+249 136
1757530136915 4.3945005897012077e+251 137
1757530137026 2.5646795036654157e+253 138
1757530137117 1.4967755316580101e+255 139
1757530137204 8.735348759828453e+256 140
1757530137294 5.098046857521153e+258 141
1757530137383 2.975276943835696e+260 142
1757530137467 1.736404772243408e+262 143
1757530137553 1.0133851705188327e+264 144
1757530137639 5.914228757276909e+265 145
1757530137732 3.4516097936871427e+267 146
1757530137830 2.014397930282698e+269 147
1757530137930 1.175625074696671e+271 148
1757530138032 6.861078913348533e+272 149
1757530138168 4.0042020937110264e+274 150
1757530138283 2.336896953055829e+276 151
1757530138390 1.3638390973769201e+278 152
1757530138493 7.959516918799494e+279 153
1757530138582 4.645262751486187e+281 154
1757530138679 2.711027095046319e+283 155
1757530138776 1.582185616459231e+285 156
1757530138884 9.233811530340704e+286 157
1757530138996 5.388955283809458e+288 158
1757530139103 3.1450543424537885e+290 159
1757530139224 1.8354887535817932e+292 160
1757530139330 1.0712116859312225e+294 161
1757530139432 6.251710743726337e+295 162
1757530139540 3.648568040895382e+297 163
1757530139631 2.129344957682499e+299 164
1757530139720 1.2427094405220938e+301 165
1757530139817 7.252590746233629e+302 166
1757530139934 4.2326927612503667e+304 167
