1757530220963 1053298733869.5823 0
1757530221034 859255685616.9548 1
1757530221116 649612661876.4905 2
1757530221189 494996266348.36 3
1757530221268 396395724266.55237 4
1757530221349 336061657410.9059 5
1757530221421 299405264057.5729 6
1757530221497 277513145025.1944 7
1757530221574 264779851947.86404 8
1757530221651 257416339372.63815 9
1757530221728 252983198882.4883 10
1757530221803 250100935501.42523 11
1757530221878 248079707041.5717 12
1757530221958 246585730873.56012 13
1757530222031 245439775761.50613 14
1757530222119 244530797534.11194 15
1757530222236 243786614175.01028 16
1757530222324 243161505281.92184 17
1757530222408 242626965725.55392 18
1757530222487 242164491372.35938 19
1757530222563 241761088762.69528 20
1757530222643 241407002982.8999 21
1757530222721 241094638913.65952 22
1757530222803 240817960967.83014 23
1757530222919 240572082924.90344 24
1757530223040 240352974710.64365 25
1757530223117 240157260841.68826 26
1757530223191 239982082932.45523 27
1757530223269 239825000920.69766 28
1757530223346 239683917422.11407 29
1757530223434 239557017964.73477 30
1757530223515 239442723636.97452 31
1757530223590 239339653632.17526 32
1757530223670 239246595418.81198 33
