1757530076385 1019578306846.1666 0
1757530076510 830197752196.6747 1
1757530076640 626078167262.1392 2
1757530076760 476098436258.9795 3
1757530076854 380797537209.66174 4
1757530076952 322506784875.27747 5
1757530077043 286937391056.7997 6
1757530077135 265549562631.05365 7
1757530077228 253055419580.20023 8
1757530077314 245853683955.04117 9
1757530077434 241573705174.9136 10
1757530077553 238841058489.8902 11
1757530077712 236955304118.73077 12
1757530077823 235577291216.64258 13
1757530077941 234529216589.43192 14
1757530078041 233704039136.29004 15
1757530078144 233033271493.80472 16
1757530078245 232473883465.58286 17
1757530078328 231999270455.45175 18
1757530078441 231592282759.6972 19
1757530078543 231240847504.67184 20
1757530078639 230935777023.9705 21
1757530078734 230669792337.74265 22
1757530078829 230437027367.52322 23
1757530078922 230232694526.88666 24
1757530079020 230052835265.3595 25
1757530079120 229894138053.4703 26
1757530079216 229753809003.38968 27
1757530079320 229629476611.6612 28
1757530079417 229519117601.09747 29
1757530079519 229420997049.5167 30
1757530079620 229333620357.87006 31
1757530079723 229255694513.79102 32
1757530079823 229186096885.6903 33
1757530079919 229123849837.23392 34
1757530080029 229068099828.71362 35
1757530080126 229018100034.09097 36
1757530080234 228973195764.78238 37
1757530080336 228932812163.41684 38
1757530080433 228896443749.30322 39
1757530080535 228863645486.46323 40
1757530080648 228834025114.49887 41
1757530080752 228807236536.02383 42
1757530080855 228782974094.98096 43
1757530080960 228760967611.09393 44
1757530081059 228740978059.6647 45
1757530081182 228722793804.82178 46
1757530081280 228706227309.4104 47
1757530081391 228691112256.8602 48
1757530081492 228677301030.23105 49
1757530081597 228664662501.7201 50
1757530081703 228653080092.60226 51
1757530081833 228642450069.16254 52
1757530081980 228632680044.87192 53
1757530082092 228623687663.03952 54
1757530082208 228615399437.55777 55
1757530082310 228607749732.2585 56
1757530082417 228600679861.88907 57
1757530082532 228594137299.87045 58
1757530082644 228588074979.85986 59
1757530082765 228582450679.75793 60
1757530082939 228577226478.20798 61
1757530083051 228572368274.8575 62
1757530083163 228567845366.72662 63
1757530083288 228563630073.95978 64
1757530083403 228559697409.0578 65
1757530083529 228556024784.4031 66
1757530083634 228552591753.52002 67
1757530083742 228549379782.06287 68
