1757530032623 1064043626941.4315 0
1757530032695 868232337993.8519 1
1757530032802 657638804525.8854 2
1757530032899 502270154413.2938 3
1757530032970 402163525513.9784 4
1757530033043 340067234884.80237 5
1757530033116 302315528709.19586 6
1757530033191 280265716082.2033 7
1757530033279 267990472503.4445 8
1757530033368 261304078881.44156 9
1757530033444 257563504409.29675 10
1757530033519 255342142836.83868 11
1757530033593 253948421080.01468 12
1757530033667 253040399289.9794 13
1757530033752 252425631332.08508 14
1757530033825 251985875047.37033 15
1757530033912 251649663559.05884 16
1757530033991 251376106483.07236 17
1757530034064 251142675685.9408 18
1757530034139 250937321004.97464 19
1757530034225 250754074853.89462 20
1757530034307 250590442766.07532 21
1757530034378 250445555382.169 22
1757530034450 250318867640.68765 23
1757530034526 250209444313.05206 24
1757530034596 250115766999.39728 25
1757530034674 250035874896.11713 26
1757530034749 249967636000.39536 27
1757530034823 249909004598.82153 28
1757530034906 249858194774.90594 29
1757530034978 249813756210.74628 30
1757530035051 249774571058.22076 31
1757530035129 249739803000.36563 32
1757530035206 249708828275.83713 33
1757530035291 249681169921.8623 34
1757530035384 249656446265.0633 35
1757530035472 249634336305.78244 36
1757530035565 249614559534.64395 37
1757530035642 249596865715.2336 38
1757530035719 249581030287.53992 39
1757530035797 249566852198.26114 40
1757530035883 249554152312.62106 41
1757530035957 249542771643.01575 42
1757530036028 249532569290.87112 43
1757530036103 249523420284.03262 44
1757530036183 249515213530.367 45
1757530036266 249507850030.04666 46
1757530036360 249501241388.75012 47
1757530036444 249495308600.91846 48
1757530036527 249489981039.29745 49
1757530036614 249485195586.44348 50
1757530036691 249480895860.6808 51
1757530036770 249477031509.74033 52
1757530036858 249473557561.76193 53
1757530036947 249470433832.61856 54
1757530037021 249467624391.35953 55
1757530037094 249465097084.36414 56
1757530037165 249462823116.0224 57
1757530037236 249460776681.19128 58
1757530037315 249458934643.16846 59
1757530037398 249457276250.5913 60
1757530037480 249455782887.21823 61
1757530037557 249454437849.54678 62
1757530037632 249453226148.292 63
1757530037705 249452134330.67563 64
