1757529930497 1064043063684.7126 0
1757529930581 1081861843464.3617 1
1757529930672 16742160442419.924 2
1757529930749 957697121092077.4 3
1757529930826 5.580111968385639e+16 4
1757529930904 3.2523038567443205e+18 5
1757529930980 1.8955757156126382e+20 6
1757529931053 1.1048191178323482e+22 7
1757529931128 6.439338055150226e+23 8
1757529931206 3.7531098004895743e+25 9
1757529931283 2.1874660180742103e+27 10
1757529931361 1.2749447350581792e+29 11
1757529931441 7.430899790085002e+30 12
1757529931520 4.3310325672873254e+32 13
1757529931603 2.524303062723579e+34 14
1757529931701 1.4712671524579908e+36 15
1757529931776 8.575147199505966e+37 16
1757529931860 4.997946795070219e+39 17
1757529931945 2.9130079735298036e+41 18
1757529932023 1.6978202853656034e+43 19
1757529932097 9.8955915932698e+44 20
1757529932169 5.767555837613612e+46 21
1757529932250 3.361567625993668e+48 22
1757529932333 1.959259211750299e+50 23
1757529932411 1.1419364671248281e+52 24
1757529932497 6.655673160186867e+53 25
1757529932583 3.8791987549679934e+55 26
1757529932686 2.2609558219536636e+57 27
1757529932816 1.3177776009232476e+59 28
1757529932895 7.680547265158457e+60 29
1757529932975 4.476537334600578e+62 30
1757529933052 2.6091091970722173e+64 31
1757529933131 1.52069563893278e+66 32
1757529933209 8.863236651283625e+67 33
1757529933289 5.165857119955187e+69 34
1757529933368 3.010872983959754e+71 35
1757529933445 1.7548600193606088e+73 36
1757529933523 1.0228042511113392e+75 37
1757529933607 5.961321840773332e+76 38
1757529933697 3.474502384074729e+78 39
1757529933785 2.0250822115275841e+80 40
1757529933881 1.1803008057332348e+82 41
1757529933973 6.879276229302617e+83 42
1757529934061 4.009523776411285e+85 43
1757529934148 2.3369145790555185e+87 44
1757529934250 1.36204947378819e+89 45
1757529934341 7.93858186205708e+90 46
1757529934435 4.62693045982424e+92 47
1757529934563 2.696764466506607e+94 48
1757529934694 1.5717847179594245e+96 49
1757529934819 9.161004716185223e+97 50
1757529934934 5.339408536744291e+99 51
1757529935046 3.1120258536587116e+101 52
1757529935151 1.8138160523198116e+103 53
1757529935270 1.0571662403720587e+105 54
1757529935383 6.161597579605844e+106 55
1757529935489 3.5912312825694296e+108 56
1757529935579 2.0931165916437994e+110 57
1757529935665 1.2199540273217835e+112 58
1757529935762 7.110391436006103e+113 59
1757529935857 4.144227179135638e+115 60
1757529935987 2.415425235988614e+117 61
1757529936106 1.407808698331909e+119 62
1757529936221 8.205285353358491e+120 63
1757529936336 4.7823761715504266e+122 64
1757529936444 2.7873645901725975e+124 65
1757529936554 1.6245901785741888e+126 66
1757529936664 9.468776555550196e+127 67
1757529936762 5.5187905627759576e+129 68
1757529936846 3.2165770410890405e+131 69
1757529936927 1.8747527639564736e+133 70
1757529937016 1.0926826502412804e+135 71
1757529937105 6.36860175428461e+136 72
1757529937192 3.7118817888909425e+138 73
1757529937275 2.1634366453249713e+140 74
1757529937353 1.260939433023651e+142 75
1757529937432 7.3492711570260835e+143 76
1757529937524 4.283456058629129e+145 77
1757529937616 2.4965735260244865e+147 78
1757529937722 1.4551052434143786e+149 79
1757529937815 8.480948978032407e+150 80
1757529937903 4.943044215771946e+152 81
1757529937994 2.881008502983023e+154 82
1757529938078 1.6791696840940068e+156 83
1757529938164 9.786888254793122e+157 84
1757529938252 5.70419908238682e+159 85
1757529938337 3.3246407156602704e+161 86
1757529938419 1.9377366968757677e+163 87
1757529938508 1.1293922644730987e+165 88
1757529938595 6.582560412403913e+166 89
1757529938679 3.836585652830032e+168 90
1757529938768 2.2361191617420834e+170 91
1757529938864 1.3033017787109038e+172 92
1757529938950 7.596176247904826e+173 93
1757529939037 4.427362452179448e+175 94
1757529939130 2.5804480627177236e+177 95
1757529939214 1.5039907566424296e+179 96
1757529939301 8.76587375947241e+180 97
1757529939393 5.109110041244451e+182 98
1757529939482 2.977798463654351e+184 99
1757529939570 1.7355828350845991e+186 100
1757529939660 1.0115687190407313e+188 101
1757529939749 5.895836560816354e+189 102
1757529939837 3.436334882401499e+191 103
1757529939921 2.002836629238968e+193 104
1757529940005 1.167335169795194e+195 105
1757529940090 6.803707195821396e+196 106
1757529940179 3.96547905042503e+198 107
1757529940264 2.3112435098643744e+200 108
1757529940356 1.3470873238676302e+202 109
1757529940449 7.851376327851046e+203 110
1757529940535 4.576103504897741e+205 111
1757529940622 2.6671404366715607e+207 112
1757529940707 1.5545186207687237e+209 113
1757529940796 9.060370834212172e+210 114
1757529940882 5.280754991075511e+212 115
1757529940969 3.0778401663725845e+214 116
1757529941096 1.793891234443938e+216 117
1757529941207 1.0455532409298084e+218 118
1757529941297 6.093912265297874e+219 119
1757529941393 3.5517815108222676e+221 120
1757529941492 2.0701236498688341e+223 121
1757529941587 1.2065527996833763e+225 122
1757529941677 7.032283595794072e+226 123
1757529941779 4.098702732665478e+228 124
1757529941877 2.388891725129938e+230 125
1757529941972 1.3923438821051154e+232 126
1757529942069 8.11515007416293e+233 127
1757529942159 4.729841641320531e+235 128
1757529942247 2.7567453155544075e+237 129
1757529942334 1.606744011985445e+239 130
1757529942436 9.364761791685112e+240 131
1757529942531 5.458166500750571e+242 132
1757529942644 3.181242856210967e+244 133
1757529942803 1.8541585546724662e+246 134
1757529942911 1.0806795020861189e+248 135
1757529943003 6.298642493577912e+249 136
1757529943090 3.671106668102969e+251 137
1757529943176 2.1396712358783944e+253 138
1757529943271 1.2470879796067502e+255 139
1757529943360 7.268539216685686e+256 140
1757529943444 4.2364021791916615e+258 141
1757529943534 2.469148599028049e+260 142
1757529943627 1.4391208733740818e+262 143
1757529943713 8.387785526542362e+263 144
1757529943797 4.888744742776424e+265 145
1757529943886 2.8493605474764897e+267 146
1757529943975 1.6607239601764595e+269 147
1757529944060 9.679379025398477e+270 148
1757529944140 5.641538302811585e+272 149
1757529944224 3.2881194484250352e+274 150
1757529944306 1.9164506074030718e+276 151
1757529944388 1.1169858602231765e+278 152
1757529944484 6.510250810111824e+279 153
1757529944626 3.794440656759367e+281 154
1757529944727 2.2115553329075464e+283 155
1757529944822 1.2889849737929306e+285 156
1757529944911 7.512732048533454e+286 157
1757529945000 4.378727757157598e+288 158
1757529945093 2.5521017716910537e+290 159
1757529945188 1.4874693779310506e+292 160
1757529945280 8.669580401633129e+293 161
1757529945373 5.052986330711888e+295 162
1757529945471 2.9450872678395586e+297 163
1757529945563 1.716517411193692e+299 164
1757529945650 1.0004566095905615e+301 165
1757529945749 5.831070638411941e+302 166
1757529945841 3.3985866517554336e+304 167
