1757529996704 1053301194640.546 0
1757529996786 3132457447949.659 1
1757529996872 6796602620016655.0 2
1757529996938 2.0625942999455883e+19 3
1757529997017 6.2597487106176515e+22 4
1757529997088 1.899765468623926e+26 5
1757529997167 5.765581020696871e+29 6
1757529997239 1.749790963947735e+33 7
1757529997307 5.310424754282873e+36 8
1757529997389 1.6116560007417316e+40 9
1757529997458 4.891200205090923e+43 10
1757529997529 1.4844259218636649e+47 11
1757529997603 4.5050707906155514e+50 12
1757529997679 1.3672398554571654e+54 13
1757529997746 4.149423858653962e+57 14
1757529997819 1.2593048900706347e+61 15
1757529997899 3.8218530094205645e+64 16
1757529997976 1.15989070961185e+68 17
1757529998051 3.520141813219162e+71 18
1757529998123 1.068324651839017e+75 19
1757529998196 3.2422488135022697e+78 20
1757529998267 9.83987156952822e+81 21
1757529998337 2.986293713844301e+85 22
1757529998411 9.063075754934432e+88 23
1757529998488 2.750544655366177e+92 24
1757529998557 8.347603071776563e+95 25
1757529998629 2.5334064985269876e+99 26
1757529998701 7.688612445503874e+102 27
1757529998773 2.3334100299943448e+106 28
1757529998849 7.081644973875871e+109 29
1757529998931 2.149202021564245e+113 30
1757529999011 6.522593756867998e+116 31
1757529999095 1.979536073866551e+120 32
1757529999170 6.007676108316471e+123 33
1757529999261 1.8232641829021618e+127 34
1757529999346 5.533407961278151e+130 35
1757529999426 1.679328972348903e+134 36
1757529999510 5.096580293926106e+137 37
1757529999597 1.5467565390778798e+141 38
1757529999687 4.694237416472008e+144 39
1757529999776 1.4246498634712556e+148 40
1757529999858 4.3236569721990205e+151 41
1757529999941 1.3121827399538013e+155 42
1757530000014 3.982331517287178e+158 43
1757530000097 1.2085941866707632e+162 44
1757530000193 3.6679515547952588e+165 45
1757530000278 1.1131832964864306e+169 46
1757530000369 3.378389908002923e+172 47
1757530000463 1.025304494463832e+176 48
1757530000556 3.111687327378859e+179 49
1757530000644 9.443631697365729e+182 50
1757530000720 2.866039233788113e+186 51
1757530000803 8.698116522168147e+189 52
1757530000882 2.6397835082395634e+193 53
1757530000966 8.01145506916778e+196 54
1757530001045 2.4313892455558674e+200 55
1757530001136 7.379001208102408e+203 56
1757530001223 2.2394463958702125e+207 57
1757530001311 6.796475591397522e+210 58
1757530001396 2.0626562238616484e+214 59
1757530001483 6.259936698985979e+217 60
1757530001568 1.899822521173557e+221 61
1757530001648 5.765754168956533e+224 62
1757530001733 1.7498435125563332e+228 63
1757530001829 5.310584233579337e+231 64
1757530001915 1.6117044009690287e+235 65
1757530001992 4.891347094502553e+238 66
1757530002069 1.4844705011982098e+242 67
1757530002145 4.505206084034347e+245 68
1757530002221 1.3672809155343445e+249 69
1757530002299 4.1495484715104474e+252 70
1757530002376 1.2593427087136271e+256 71
1757530002455 3.8219677848777836e+259 72
1757530002533 1.1599255427114463e+263 73
1757530002609 3.520247527877754e+266 74
1757530002701 1.0683567350850396e+270 75
1757530002826 3.2423461826551414e+273 76
1757530002904 9.840167074288708e+276 77
1757530002983 2.986383396316514e+280 78
1757530003064 9.063347931457402e+283 79
1757530003142 2.7506272579727067e+287 80
1757530003235 8.347853761679252e+290 81
1757530003325 2.5334825801785848e+294 82
1757530003403 7.688843345019478e+297 83
1757530003482 2.3334801054792773e+301 84
1757530003563 inf 85
1757530003638 inf 86
