1757530056989 1064043147009.09 0
1757530057062 1081832554984.3022 1
1757530057136 16740370454110.182 2
1757530057208 957592803398454.4 3
1757530057277 5.579503960379716e+16 4
1757530057349 3.25194948478127e+18 5
1757530057417 1.8953691731270386e+20 6
1757530057484 1.10469873641732e+22 7
1757530057553 6.438636422987609e+23 8
1757530057622 3.7527008605452354e+25 9
1757530057690 2.187227671135479e+27 10
1757530057779 1.27480581670601e+29 11
1757530057851 7.430090117064977e+30 12
1757530057925 4.330560656708873e+32 13
1757530057998 2.524028013921703e+34 14
1757530058072 1.4711068427576552e+36 15
1757530058163 8.574212848952705e+37 16
1757530058236 4.997402217321918e+39 17
1757530058308 2.9126905713268545e+41 18
1757530058387 1.6976352903694705e+43 19
1757530058460 9.89451336670817e+44 20
1757530058529 5.76692740303835e+46 21
1757530058601 3.3612013485994294e+48 22
1757530058673 1.9590457302920755e+50 23
1757530058748 1.1418120413925235e+52 24
1757530058818 6.654947956087719e+53 25
1757530058905 3.8787760763341815e+55 26
1757530058979 2.2607094675443337e+57 27
1757530059080 1.3176340154894388e+59 28
1757530059154 7.67971039047625e+60 29
1757530059238 4.476049569779928e+62 30
1757530059317 2.6088249077690306e+64 31
1757530059391 1.520529943490041e+66 32
1757530059467 8.862270910419089e+67 33
1757530059543 5.165294246648611e+69 34
1757530059617 3.0105449183565526e+71 35
1757530059692 1.7546688092983297e+73 36
1757530059767 1.0226928060602277e+75 37
1757530059842 5.960672293397558e+76 38
1757530059916 3.4741238012761417e+78 39
1757530059994 2.0248615579760084e+80 40
1757530060073 1.180172199811345e+82 41
1757530060148 6.878526661347445e+83 42
1757530060224 4.009086897524862e+85 43
1757530060298 2.336659948157714e+87 44
1757530060382 1.361901064478127e+89 45
1757530060467 7.937716871849532e+90 46
1757530060539 4.626426308124584e+92 47
1757530060613 2.696470626259562e+94 48
1757530060697 1.571613455835645e+96 49
1757530060788 9.160006530424946e+97 50
1757530060875 5.338826753224402e+99 51
1757530060963 3.111686766409128e+101 52
1757530061044 1.8136184183908705e+103 53
1757530061134 1.0570510512285064e+105 54
1757530061223 6.160926210126719e+106 55
1757530061302 3.590839980955769e+108 56
1757530061387 2.092888525046178e+110 57
1757530061466 1.2198211007732206e+112 58
1757530061544 7.10961668567017e+113 59
1757530061626 4.143775622926922e+115 60
1757530061704 2.4151620505466174e+117 61
1757530061785 1.4076553030833245e+119 62
1757530061862 8.204391303060345e+120 63
1757530061939 4.781855082440422e+122 64
1757530062023 2.7870608781095036e+124 65
1757530062099 1.6244131627519436e+126 66
1757530062174 9.467744834880138e+127 67
1757530062250 5.5181892337379097e+129 68
1757530062328 3.2162265619114118e+131 69
1757530062404 1.8745484903455668e+133 70
1757530062492 1.0925635912192963e+135 71
1757530062571 6.367907829569945e+136 72
1757530062647 3.7114773411627577e+138 73
1757530062744 2.1632009166336853e+140 74
1757530062864 1.2608020406932632e+142 75
1757530062943 7.3484703782856726e+143 76
1757530063019 4.282989332000877e+145 77
1757530063095 2.4963014986409798e+147 78
1757530063186 1.4549466947203488e+149 79
1757530063273 8.480024891344744e+150 80
1757530063362 4.942505620224674e+152 81
1757530063448 2.8806945874517e+154 82
1757530063546 1.6789867212728215e+156 83
1757530063663 9.785821872578948e+157 84
1757530063764 5.703577551182069e+159 85
1757530063873 3.3242784618329483e+161 86
1757530063975 1.937525560517038e+163 87
1757530064074 1.1292692055607694e+165 88
1757530064169 6.581843174691038e+166 89
1757530064246 3.836167617332215e+168 90
1757530064326 2.2358755135424725e+170 91
1757530064414 1.3031597705668992e+172 92
1757530064493 7.595348566313267e+173 93
1757530064581 4.426880045468318e+175 94
1757530064676 2.580166896340082e+177 95
1757530064767 1.503826881368535e+179 96
1757530064855 8.764918627296956e+180 97
1757530064942 5.1085533511161017e+182 98
1757530065031 2.9774740018605053e+184 99
1757530065116 1.7353937254699158e+186 100
1757530065200 1.0114584982164534e+188 101
1757530065293 5.895194148735659e+189 102
1757530065384 3.4359604583449654e+191 103
1757530065471 2.002618399572497e+193 104
1757530065561 1.16720797661277e+195 105
1757530065644 6.8029658618901325e+196 106
1757530065732 3.9650469706648096e+198 107
1757530065819 2.3109916760937704e+200 108
1757530065903 1.346940544837787e+202 109
1757530065985 7.850520839583944e+203 110
1757530066076 4.575604891317899e+205 111
1757530066161 2.666849824267433e+207 112
1757530066246 1.5543492399639374e+209 113
1757530066325 9.059383613549121e+210 114
1757530066403 5.280179598463117e+212 115
1757530066487 3.077504804005497e+214 116
1757530066572 1.793695771528981e+216 117
1757530066654 1.0454393171420711e+218 118
1757530066752 6.09324827083041e+219 119
1757530066846 3.551394507667271e+221 120
1757530066927 2.0698980885888672e+223 121
1757530067009 1.2064213333364954e+225 122
1757530067093 7.031517356111222e+226 123
1757530067177 4.0982561368137724e+228 124
1757530067255 2.3886314307870184e+230 125
1757530067338 1.3921921719074113e+232 126
1757530067427 8.114265845031047e+233 127
1757530067507 4.7293262763882506e+235 128
1757530067588 2.7564449397764045e+237 129
1757530067677 1.6065689406867195e+239 130
1757530067757 9.36374140449407e+240 131
1757530067846 5.457571777328054e+242 132
1757530067943 3.180896227056467e+244 133
1757530068032 1.853956525012624e+246 134
1757530068126 1.0805617509306688e+248 135
1757530068217 6.297956191644773e+249 136
1757530068308 3.6707066632438757e+251 137
1757530068395 2.1394380966730932e+253 138
1757530068480 1.2469520965347928e+255 139
1757530068564 7.26774723452118e+256 140
1757530068647 4.2359405795679245e+258 141
1757530068729 2.4688795598726407e+260 142
1757530068827 1.4389640663417119e+262 143
1757530068931 8.386871590971763e+263 144
1757530069024 4.888212063715675e+265 145
1757530069116 2.84905008031568e+267 146
1757530069208 1.660543007206759e+269 147
1757530069301 9.678324357421426e+270 148
1757530069401 5.640923599143714e+272 149
1757530069486 3.287761173965684e+274 150
1757530069580 1.9162417903828798e+276 151
1757530069684 1.1168641531162839e+278 152
1757530069772 6.509541451274361e+279 153
1757530069866 3.794027213392648e+281 154
1757530069962 2.2113143611899105e+283 155
1757530070059 1.2888445256121783e+285 156
1757530070171 7.511913459046273e+286 157
1757530070267 4.378250649697085e+288 158
1757530070361 2.5518236939335933e+290 159
1757530070451 1.4873073028314178e+292 160
1757530070542 8.668635761610117e+293 161
1757530070628 5.052435755839437e+295 162
1757530070713 2.944766370267171e+297 163
1757530070835 1.716330378953184e+299 164
1757530070952 1.0003475995449893e+301 165
1757530071039 5.8304352832451714e+302 166
1757530071125 3.3982163407572033e+304 167
