1757530028085 1053299903483.6997 0
1757530028150 859256390077.203 1
1757530028221 651022784261.5443 2
1757530028297 498122821065.6583 3
1757530028376 400312598480.149 4
1757530028444 340061167368.63214 5
1757530028515 303554280733.2069 6
1757530028586 282205324024.24774 7
1757530028654 270258761881.76086 8
1757530028727 263693486284.7506 9
1757530028801 259968558006.31787 10
1757530028881 257705356375.55252 11
1757530028951 256233353550.96222 12
1757530029026 255222969995.5113 13
1757530029103 254491822326.812 14
1757530029172 253930176905.26495 15
1757530029239 253473187577.18533 16
1757530029309 253084622101.61298 17
1757530029382 252744814373.36346 18
1757530029453 252443067857.21887 19
1757530029522 252173634978.29764 20
1757530029594 251933515042.37714 21
1757530029662 251720963620.24707 22
1757530029733 251534444331.74628 23
1757530029808 251372058453.19794 24
1757530029901 251231415959.71396 25
1757530029991 251109793893.72406 26
1757530030071 251004403272.77927 27
1757530030152 250912634348.54156 28
1757530030237 250832216618.74722 29
1757530030316 250761282457.8046 30
1757530030399 250698353702.07663 31
1757530030482 250642282047.67206 32
1757530030566 250592172634.70728 33
1757530030653 250547311834.525 34
1757530030734 250507110209.78262 35
1757530030824 250471063306.9814 36
1757530030919 250438727802.63 37
1757530031009 250409708441.75095 38
1757530031106 250383651261.49774 39
1757530031196 250360239717.55515 40
1757530031276 250339191694.87393 41
1757530031368 250320256507.79263 42
1757530031453 250303211707.27133 43
1757530031557 250287859844.21637 44
1757530031637 250274025407.08713 45
1757530031713 250261552088.78256 46
1757530031789 250250300439.92886 47
1757530031870 250240145887.41144 48
1757530031957 250230977056.20563 49
1757530032044 250222694324.86246 50
1757530032139 250215208557.10745 51
1757530032235 250208439970.77386 52
1757530032320 250202317121.93835 53
1757530032402 250196775992.90622 54
1757530032475 250191759177.52182 55
