1757530172840 1019584837083.6075 0
1757530172940 4129091156898.0376 1
1757530173023 1.3026439459021282e+16 2
1757530173109 5.275908715105239e+19 3
1757530173191 2.136872770879555e+23 4
1757530173276 8.654860254913549e+26 5
1757530173365 3.5054312569737327e+30 6
1757530173449 1.4197858700713596e+34 7
1757530173537 5.750481949529175e+37 8
1757530173635 2.329086614321556e+41 9
1757530173714 9.433373593070772e+44 10
1757530173798 3.82074830533369e+48 11
1757530173882 1.5474970294225646e+52 12
1757530173977 6.267743553608709e+55 13
1757530174109 2.538590285272609e+59 14
1757530174220 1.028191498481144e+63 15
1757530174305 4.16442843763335e+66 16
1757530174383 1.6866959353182578e+70 17
1757530174458 6.83153335643801e+73 18
1757530174550 2.766939021010885e+77 19
1757530174649 1.1206783523610707e+81 20
1757530174739 4.539022941647219e+84 21
1757530174823 1.838415922052337e+88 22
1757530174906 7.44603661604103e+91 23
1757530174998 3.0158279539664256e+95 24
1757530175082 1.2214844912703472e+99 25
1757530175180 4.947312596037407e+102 26
1757530175275 2.003783273372171e+106 27
1757530175384 8.115815058587703e+109 28
1757530175521 3.287104695427065e+113 29
1757530175647 1.3313582432198657e+117 30
1757530175755 5.392328313288485e+120 31
1757530175864 2.1840255833749166e+124 32
1757530175959 8.84584074208047e+127 33
1757530176049 3.582783051164393e+131 34
1757530176140 1.4511152490737495e+135 35
1757530176251 5.877373639495174e+138 36
1757530176359 2.380480869474842e+142 37
1757530176455 9.64153296611314e+145 38
1757530176552 3.9050579707936926e+149 39
1757530176642 1.581644517407793e+153 40
1757530176734 6.406049278028224e+156 41
1757530176842 2.5946075050911885e+160 42
1757530176946 1.0508798501699364e+164 43
1757530177041 4.256321841843954e+167 44
1757530177133 1.7239150240085321e+171 45
1757530177226 6.982279819128618e+174 46
1757530177314 2.827995045791155e+178 47
1757530177418 1.145407543981446e+182 48
1757530177527 4.6391822494956995e+185 49
1757530177621 1.8789829050038618e+189 50
1757530177716 7.61034287385573e+192 51
1757530177809 3.082376029255441e+196 52
1757530177898 1.2484380984157857e+200 53
1757530177993 5.056481333825134e+203 54
1757530178096 2.0479992970229547e+207 55
1757530178217 8.294900828663008e+210 56
1757530178318 3.3596388366623124e+214 57
1757530178420 1.3607363542921324e+218 58
1757530178514 5.511316888251449e+221 59
1757530178609 2.2322188825863135e+225 60
1757530178701 9.04103545632949e+228 61
1757530178804 3.661841710966105e+232 62
1757530178896 1.4831359506265055e+236 63
1757530178989 6.007065355810925e+239 64
1757530179087 2.4330092041623568e+243 65
1757530179191 9.854285640179527e+246 66
1757530179284 3.99122803613399e+250 67
1757530179377 1.616545513098381e+254 68
1757530179468 6.547406893968734e+257 69
1757530179578 2.651860816032617e+261 70
1757530179684 1.0740688491633471e+265 71
1757530179775 4.350242990765198e+268 72
1757530179864 1.761955399176059e+272 73
1757530179964 7.136352694035589e+275 74
1757530180062 2.8903983493273527e+279 75
1757530180163 1.170682416632339e+283 76
1757530180264 4.741551699720123e+286 77
1757530180355 1.920445049972894e+290 78
1757530180444 7.778274757993427e+293 79
1757530180538 3.1503925723723e+297 80
1757530180634 1.275986471146322e+301 81
1757530180729 inf 82
1757530180823 inf 83
