1757530116487 1053298229815.224 0
1757530116565 3131143013823.6006 1
1757530116644 6788853718605693.0 2
1757530116725 2.0591222919592428e+19 3
1757530116800 6.245808337567359e+22 4
1757530116881 1.8945024495333927e+26 5
1757530116965 5.746477217005938e+29 6
1757530117042 1.7430434261877933e+33 7
1757530117125 5.28706592029173e+36 8
1757530117200 1.6036930363029613e+40 9
1757530117273 4.864382993251394e+43 10
1757530117353 1.475483235843096e+47 11
1757530117435 4.475492127725873e+50 12
1757530117515 1.357523372598066e+54 13
1757530117604 4.11769176340042e+57 14
1757530117706 1.2489939989707854e+61 15
1757530117802 3.7884963205132817e+64 16
1757530117901 1.1491411794107763e+68 17
1757530118035 3.4856189329456127e+71 18
1757530118138 1.0572712529489723e+75 19
1757530118236 3.2069555617419243e+78 20
1757530118312 9.72746014450072e+81 21
1757530118392 2.9505703787006433e+85 22
1757530118480 8.949782811073665e+88 23
1757530118568 2.714682318496779e+92 24
1757530118647 8.234278133811975e+95 25
1757530118725 2.4976527059165843e+99 26
1757530118807 7.575975620445205e+102 27
1757530118889 2.2979738722528812e+106 28
1757530118972 6.970302152644127e+109 29
1757530119062 2.114258681780566e+113 30
1757530119154 6.41305021732638e+116 31
1757530119236 1.9452308955550237e+120 32
1757530119319 5.900348677761212e+123 33
1757530119412 1.7897163055918466e+127 34
1757530119500 5.428635881425011e+130 35
1757530119590 1.6466345778388395e+134 36
1757530119672 4.9946349177921835e+137 37
1757530119748 1.5149917472746386e+141 38
1757530119837 4.5953308541814744e+144 39
1757530119928 1.3938733129985917e+148 40
1757530120021 4.2279497915188474e+151 41
1757530120106 1.2824378853447713e+155 42
1757530120199 3.889939594520943e+158 43
1757530120281 1.1799113408875735e+162 44
1757530120363 3.5789521624347057e+165 45
1757530120450 1.0855814447347154e+169 46
1757530120533 3.2928271171710907e+172 47
1757530120621 9.987929027496342e+175 48
1757530120702 3.0295767955169164e+179 49
1757530120785 9.189428093318462e+182 50
1757530120867 2.787372441168372e+186 51
1757530120954 8.454764591317707e+189 52
1757530121042 2.5645315006643458e+193 53
1757530121121 7.77883493604723e+196 54
1757530121216 2.3595059349668215e+200 55
1757530121300 7.156943556347826e+203 56
1757530121384 2.170871465490454e+207 57
1757530121476 6.584770275994125e+210 58
1757530121564 1.9973176798756172e+214 59
1757530121663 6.058340302147368e+217 60
1757530121755 1.8376389287711383e+221 61
1757530121841 5.5739966131288635e+224 62
1757530121937 1.6907259503883445e+228 63
1757530122031 5.1283745536974334e+231 64
1757530122118 1.5555581646434387e+235 65
1757530122211 4.718378461347525e+238 66
1757530122295 1.4311965833570313e+242 67
1757530122376 4.3411601612555994e+245 68
1757530122466 1.316777287259038e+249 69
1757530122550 3.994099180482149e+252 70
1757530122644 1.211505424484887e+256 71
1757530122779 3.674784543981016e+259 72
1757530122933 1.1146496888714664e+263 73
1757530123027 3.3809980259557546e+266 74
1757530123118 1.0255372396945881e+270 75
1757530123210 3.1106987402132175e+273 76
1757530123298 9.435490275561148e+276 77
1757530123391 2.8620089624656718e+280 78
1757530123486 8.681154939504925e+283 79
1757530123586 2.6332010860917953e+287 80
1757530123681 7.987126146363227e+290 81
1757530123789 2.422685620740149e+294 82
1757530123886 7.348582593269273e+297 83
1757530123981 2.2290001504034224e+301 84
1757530124073 inf 85
1757530124169 inf 86
