1757529921613 1053297314616.6406 0
1757529921746 3132070836042.1494 1
1757529921856 6790417994887820.0 2
1757529921959 2.059223249384594e+19 3
1757529922043 6.244980313281166e+22 4
1757529922116 1.8939073088116248e+26 5
1757529922201 5.743628825788935e+29 6
1757529922292 1.7418630750801302e+33 7
1757529922382 5.282526194423526e+36 8
1757529922486 1.602025061211369e+40 9
1757529922566 4.858441212196143e+43 10
1757529922684 1.4734133431419283e+47 11
1757529922830 4.468402075750027e+50 12
1757529922948 1.3551266658132772e+54 13
1757529923064 4.1096755602280264e+57 14
1757529923170 1.2463361275677808e+61 15
1757529923259 3.779747866020037e+64 16
1757529923344 1.1462793715659184e+68 17
1757529923442 3.4763070031470535e+71 18
1757529923760 1.0542552435206472e+75 19
1757529923882 3.1972265898397284e+78 20
1757529924017 9.696188783127424e+81 21
1757529924158 2.9405509517784667e+85 22
1757529924286 8.917771810561061e+88 23
1757529924392 2.7044814175771725e+92 24
1757529924480 8.201846709464166e+95 25
1757529924569 2.487363714475536e+99 26
1757529924672 7.543396587685959e+102 27
1757529924794 2.2876763759139306e+106 28
1757529924878 6.937807312766715e+109 29
1757529924958 2.1040200797566905e+113 30
1757529925053 6.380835178101747e+116 31
1757529925163 1.935107842450305e+120 32
1757529925292 5.868577164888751e+123 33
1757529925447 1.7797560004017248e+127 34
1757529925568 5.3974435914671815e+130 35
1757529925681 1.6368759153779735e+134 36
1757529925812 4.964132958388467e+137 37
1757529925910 1.5054663458022883e+141 38
1757529926002 4.5656088129417555e+144 39
1757529926090 1.3846064304880142e+148 40
1757529926181 4.1990784710122696e+151 41
1757529926285 1.2734492356433811e+155 42
1757529926370 3.8619734471639365e+158 43
1757529926465 1.1712158199273589e+162 44
1757529926547 3.5519314558091115e+165 45
1757529926637 1.0771897759670556e+169 46
1757529926718 3.2667798573371846e+172 47
1757529926797 9.907122100860298e+175 48
1757529926879 3.0045204331999085e+179 49
1757529926961 9.111771250635836e+182 50
1757529927042 2.763315383263682e+186 51
1757529927117 8.38027173569451e+189 52
1757529927200 2.5414744473044695e+193 53
1757529927283 7.707497525157837e+196 54
1757529927380 2.337443060398292e+200 55
1757529927477 7.088734109573705e+203 56
1757529927562 2.1497914592054895e+207 57
1757529927653 6.519645463681784e+210 58
1757529927740 1.9772046628102031e+214 59
1757529927858 5.996243661431729e+217 60
1757529927976 1.8184732579053053e+221 61
1757529928069 5.514860930329779e+224 62
1757529928146 1.672484923749235e+228 63
1757529928250 5.072123949281915e+231 64
1757529928361 1.538216637505338e+235 65
1757529928460 4.66493020982504e+238 66
1757529928550 1.414727505342221e+242 67
1757529928664 4.2904262750950967e+245 68
1757529928753 1.3011521690584213e+249 69
1757529928833 3.94598778418097e+252 70
1757529928918 1.1966947420280073e+256 71
1757529929006 3.62920106174307e+259 72
1757529929088 1.1006232319727853e+263 73
1757529929182 3.337846204024883e+266 74
1757529929302 1.0122644114783502e+270 75
1757529929419 3.0698815227316937e+273 76
1757529929540 9.309991003087863e+276 77
1757529929621 2.823429237765815e+280 78
1757529929705 8.562578264605013e+283 79
1757529929796 2.5967623185592025e+287 80
1757529929883 7.875168355497706e+290 81
1757529929978 2.3882923817934473e+294 82
1757529930066 7.242944205695169e+297 83
1757529930152 2.196558560699309e+301 84
1757529930240 inf 85
1757529930332 inf 86
