1757530158606 1064043961304.3281 0
1757530158678 868232144043.536 1
1757530158750 656560301622.8184 2
1757530158829 499831936638.1543 3
1757530158909 398971608673.00214 4
1757530158984 336563471869.2074 5
1757530159059 298417680461.7473 6
1757530159135 275720714594.39343 7
1757530159209 262699415738.3 8
1757530159290 255339112492.76154 9
1757530159365 251046228179.84048 10
1757530159445 248366664222.4087 11
1757530159523 246577244114.63416 12
1757530159595 245324470575.45724 13
1757530159666 244414818060.64395 14
1757530159739 243728108026.18262 15
1757530159817 243187713729.42963 16
1757530159893 242746482003.438 17
1757530159968 242376008729.91217 18
1757530160042 242058743477.8678 19
1757530160114 241783277578.21164 20
1757530160188 241541882410.20465 21
1757530160259 241329152170.2298 22
1757530160351 241141122301.1506 23
1757530160424 240974672139.82144 24
1757530160502 240827164573.1831 25
1757530160598 240696268794.92993 26
1757530160683 240579894744.47913 27
1757530160775 240476178167.52048 28
1757530160871 240383478913.63208 29
1757530160971 240300375408.50287 30
1757530161064 240225650461.47098 31
1757530161151 240158269561.84656 32
1757530161229 240097355142.8873 33
1757530161313 240042160512.982 34
1757530161396 239992046223.56735 35
1757530161479 239946460311.65903 36
1757530161566 239904922721.04898 37
1757530161645 239867013200.0925 38
1757530161722 239832362201.16284 39
1757530161800 239800643701.30106 40
1757530161878 239771569402.62238 41
1757530161958 239744883871.31586 42
1757530162035 239720360355.24454 43
1757530162119 239697797142.58575 44
1757530162201 239677014390.148 45
1757530162282 239657851375.94836 46
1757530162363 239640164139.1531 47
1757530162441 239623823447.07062 48
1757530162522 239608713060.75494 49
1757530162597 239594728238.22528 50
1757530162674 239581774440.91467 51
1757530162756 239569766207.32266 52
1757530162872 239558626166.0233 53
1757530162978 239548284166.8493 54
1757530163060 239538676514.02136 55
1757530163139 239529745288.38528 56
1757530163218 239521437748.12573 57
1757530163297 239513705798.75354 58
1757530163374 239506505524.1683 59
1757530163452 239499796771.41364 60
1757530163545 239493542782.49646 61
1757530163671 239487709867.38345 62
1757530163749 239482267113.00363 63
1757530163826 239477186123.769 64
1757530163910 239472440789.73572 65
1757530163992 239468007079.06717 66
1757530164069 239463862851.92163 67
1757530164147 239459987693.2712 68
1757530164226 239456362762.48828 69
1757530164302 239452970657.80658 70
1757530164381 239449795294.00262 71
1757530164462 239446821791.84122 72
1757530164543 239444036378.0085 73
1757530164625 239441426294.4061 74
1757530164706 239438979715.81512 75
1757530164801 239436685675.05713 76
1757530164889 239434533994.87796 77
1757530164979 239432515225.87418 78
1757530165065 239430620589.85468 79
1757530165150 239428841928.10263 80
1757530165238 239427171654.05865 81
1757530165321 239425602710.00037 82
1757530165405 239424128527.33908 83
1757530165507 239422742990.194 84
1757530165606 239421440401.94116 85
1757530165704 239420215454.46475 86
1757530165805 239419063199.86734 87
1757530165897 239417979024.41986 88
1757530165984 239416958624.55414 89
1757530166065 239415997984.72037 90
1757530166154 239415093356.94955 91
1757530166254 239414241241.9756 92
1757530166348 239413438371.78683 93
1757530166435 239412681693.48782 94
1757530166559 239411968354.36353 95
1757530166664 239411295688.0488 96
1757530166761 239410661201.7138 97
1757530166849 239410062564.18454 98
1757530166932 239409497594.92426 99
1757530167018 239408964253.8094 100
1757530167110 239408460631.63736 101
1757530167204 239407984941.31052 102
1757530167291 239407535509.64478 103
