1757529912363 1019575726690.2198 0
1757529912517 4129374306224.006 1
1757529912639 1.3027635726935856e+16 2
1757529912793 5.27639323360735e+19 3
1757529912912 2.1370690127916946e+23 4
1757529913022 8.65565508292073e+26 5
1757529913137 3.50575318186428e+30 6
1757529913251 1.4199162575693052e+34 7
1757529913374 5.75101005096277e+37 8
1757529913504 2.3293005083900573e+41 9
1757529913712 9.434239916652303e+44 10
1757529913835 3.821099187690175e+48 11
1757529913926 1.5476391454063824e+52 12
1757529914013 6.268319158294536e+55 13
1757529914134 2.5388234193265366e+59 14
1757529914254 1.028285923506579e+63 15
1757529914383 4.164810882208835e+66 16
1757529914509 1.6868508347769968e+70 17
1757529914637 6.832160737341215e+73 18
1757529914768 2.767193125706206e+77 19
1757529914898 1.1207812710120136e+81 20
1757529915028 4.539439787494873e+84 21
1757529915128 1.838584754872361e+88 22
1757529915221 7.446720430484106e+91 23
1757529915310 3.0161049156332915e+95 24
1757529915416 1.2215966675569013e+99 25
1757529915525 4.947766937586072e+102 26
1757529915633 2.003967292873252e+106 27
1757529915741 8.116560382823965e+109 28
1757529915836 3.2874065700729204e+113 29
1757529915951 1.331480509875608e+117 30
1757529916049 5.392823523313955e+120 31
1757529916147 2.1842261556141983e+124 32
1757529916248 8.846653108977385e+127 33
1757529916343 3.583112079736624e+131 34
1757529916443 1.4512485137374826e+135 35
1757529916543 5.877913394157813e+138 36
1757529916645 2.3806994833876936e+142 37
1757529916734 9.642418406225098e+145 38
1757529916823 3.90541659581514e+149 39
1757529916913 1.5817897693613397e+153 40
1757529917005 6.406637584162702e+156 41
1757529917096 2.594845783544189e+160 42
1757529917192 1.0509763588035147e+164 43
1757529917290 4.2567127255448464e+167 44
1757529917382 1.7240733415206144e+171 45
1757529917475 6.982921043988453e+174 46
1757529917578 2.8282547576293973e+178 47
1757529917681 1.1455127336631713e+182 48
1757529917785 4.639608293576556e+185 49
1757529917874 1.8791554633345475e+189 50
1757529917972 7.611041777533228e+192 51
1757529918078 3.082659102433357e+196 52
1757529918177 1.2485527500146136e+200 53
1757529918275 5.056945700997292e+203 54
1757529918370 2.0481873771481186e+207 55
1757529918461 8.295662599425496e+210 56
1757529918558 3.359947372555758e+214 57
1757529918653 1.3608613189169697e+218 58
1757529918752 5.511823025715266e+221 59
1757529918850 2.2324238807068805e+225 60
1757529918957 9.041865749134116e+228 61
1757529919068 3.662177999971827e+232 62
1757529919174 1.483272155944363e+236 63
1757529919283 6.007617020845955e+239 64
1757529919385 2.43323264206894e+243 65
1757529919480 9.855190618652494e+246 66
1757529919589 3.991594574672171e+250 67
1757529919689 1.6166939702208247e+254 68
1757529919791 6.548008181825512e+257 69
1757529919906 2.652104352402413e+261 70
1757529920024 1.0741674873825402e+265 71
1757529920132 4.35064249981158e+268 72
1757529920239 1.7621172101651917e+272 73
1757529920343 7.137008068336637e+275 74
1757529920459 2.890663792037262e+279 75
1757529920560 1.1707899274580337e+283 76
1757529920658 4.741987145004922e+286 77
1757529920768 1.9206214160223815e+290 78
1757529920870 7.77898908386853e+293 79
1757529920977 3.150681891919537e+297 80
1757529921078 1.276103652678353e+301 81
1757529921187 inf 82
1757529921295 inf 83
