1757530083955 1053303219826.7323 0
1757530084055 859258520257.2106 1
1757530084156 649614038973.0514 2
1757530084268 494996860979.2269 3
1757530084375 396395998794.98065 4
1757530084477 336061807992.46857 5
1757530084578 299405354229.07446 6
1757530084678 277513201840.8058 7
1757530084801 264779895476.31186 8
1757530084958 257416379491.469 9
1757530085089 252983238026.91214 10
1757530085251 250100972867.84976 11
1757530085392 248079741549.38715 12
1757530085542 246585762093.4029 13
1757530085690 245439803738.03558 14
1757530085832 244530822451.9942 15
1757530085952 243786636209.30026 16
1757530086056 243161524589.15973 17
1757530086148 242626982468.0169 18
1757530086232 242164505728.1621 19
1757530086314 241761100921.79413 20
1757530086395 241407013139.51395 21
1757530086473 241094647260.21185 22
1757530086553 240817967690.6732 23
1757530086631 240572088201.056 24
1757530086710 240352978705.29962 25
1757530086786 240157263991.37488 26
1757530086865 239982085463.00067 27
1757530086948 239825002951.88107 28
1757530087024 239683919020.52704 29
1757530087103 239557019170.72656 30
1757530087189 239442724478.1445 31
1757530087263 239339654129.93478 32
1757530087346 239246595591.52866 33
