1757530107634 1019581167655.5542 0
1757530107714 4126709477198.479 1
1757530107800 1.3018889187977598e+16 2
1757530107888 5.27367866581772e+19 3
1757530107977 2.1363052257717525e+23 4
1757530108098 8.653921351764103e+26 5
1757530108211 3.5056018147472864e+30 6
1757530108316 1.4200780876120238e+34 7
1757530108426 5.752569406007115e+37 8
1757530108529 2.3302982462447533e+41 9
1757530108633 9.439764274344606e+44 10
1757530108752 3.823937545281653e+48 11
1757530108872 1.549032150088287e+52 12
1757530109041 6.274947154845352e+55 13
1757530109157 2.5419073318689783e+59 14
1757530109258 1.029696780604758e+63 15
1757530109357 4.171180619744385e+66 16
1757530109457 1.6896962377907564e+70 17
1757530109565 6.844760839388484e+73 18
1757530109675 2.772732157448743e+77 19
1757530109793 1.1232012041544493e+81 20
1757530109911 4.549956048314511e+84 21
1757530110029 1.8431337114865785e+88 22
1757530110146 7.466318009108497e+91 23
1757530110260 3.0245176606409206e+95 24
1757530110372 1.2251965518169864e+99 25
1757530110486 4.963127212377191e+102 26
1757530110601 2.0105044933164758e+106 27
1757530110719 8.144317372251429e+109 28
1757530110841 3.2991672329237256e+113 29
1757530110954 1.336453865106275e+117 30
1757530111078 5.413817510471101e+120 31
1757530111208 2.193073835313645e+124 32
1757530111309 8.883884316076228e+127 33
1757530111413 3.598757108428025e+131 34
1757530111509 1.457814202063062e+135 35
1757530111610 5.905433969854907e+138 36
1757530111706 2.3922218841717543e+142 37
1757530111799 9.690609652605865e+145 38
1757530111893 3.9255520593856153e+149 39
1757530111999 1.5901949952965898e+153 40
1757530112089 6.441693002186521e+156 41
1757530112178 2.609454114567843e+160 42
1757530112269 1.0570591882791922e+164 43
1757530112353 4.2820225168455004e+167 44
1757530112437 1.7345969873854445e+171 45
1757530112527 7.02664849801682e+174 46
1757530112625 2.8464127099115376e+178 47
1757530112739 1.1530483298592002e+182 48
1757530112914 4.670863246083566e+185 49
1757530113059 1.892111796066549e+189 50
1757530113190 7.66472247248092e+192 51
1757530113306 3.1048889765543064e+196 52
1757530113419 1.2577540271471913e+200 53
1757530113529 5.095013717883604e+203 54
1757530113646 2.0639301664016187e+207 55
1757530113758 8.360738493854496e+210 56
1757530113877 3.386836885304674e+214 57
1757530113989 1.3719678107492215e+218 58
1757530114122 5.5576803296881675e+221 59
1757530114242 2.2513509723041645e+225 60
1757530114333 9.119958147681553e+228 61
1757530114427 3.6943878426178145e+232 62
1757530114531 1.4965530883660922e+236 63
1757530114623 6.062360644601598e+239 64
1757530114714 2.4557910354747028e+243 65
1757530114805 9.948120812126725e+246 66
1757530114897 4.029866803123134e+250 67
1757530114991 1.6324516717888626e+254 68
1757530115081 6.612869831481691e+257 69
1757530115173 2.678795835971104e+261 70
1757530115278 1.0851487045236866e+265 71
1757530115373 4.39580984529399e+268 72
1757530115459 1.780690896596081e+272 73
1757530115558 7.21336950599621e+275 74
1757530115653 2.9220511953815415e+279 75
1757530115743 1.183688591210118e+283 76
1757530115830 4.794983343123963e+286 77
1757530115914 1.942391388374455e+290 78
1757530116001 7.86839919066993e+293 79
1757530116083 3.1873960209197523e+297 80
1757530116172 1.2911766609683277e+301 81
1757530116253 inf 82
1757530116342 inf 83
