1757529966313 1064045523050.3469 0
1757529966393 1081922897055.1588 1
1757529966476 16769137752891.479 2
1757529966551 960544711784558.2 3
1757529966631 5.604126240622712e+16 4
1757529966709 3.270615663636529e+18 5
1757529966785 1.908767709868049e+20 6
1757529966868 1.1139780950171088e+22 7
1757529966944 6.501300275578895e+23 8
1757529967022 3.7942312720911573e+25 9
1757529967116 2.2143556422771687e+27 10
1757529967218 1.2923226231613713e+29 11
1757529967294 7.542138807565812e+30 12
1757529967368 4.401676235724048e+32 13
1757529967443 2.5688672906288404e+34 14
1757529967516 1.4992195707863648e+36 15
1757529967592 8.749612444474079e+37 16
1757529967669 5.106371302793298e+39 17
1757529967743 2.980135182839887e+41 18
1757529967822 1.7392400946523257e+43 19
1757529967912 1.0150398962652526e+45 20
1757529968012 5.923885921087475e+46 21
1757529968103 3.457245822078308e+48 22
1757529968200 2.017687179243271e+50 23
1757529968301 1.1775447170358712e+52 24
1757529968390 6.872282159909152e+53 25
1757529968486 4.0107404332201517e+55 26
1757529968563 2.3407128008375586e+57 27
1757529968644 1.366066068655032e+59 28
1757529968722 7.972513771287385e+60 29
1757529968797 4.652847859397199e+62 30
1757529968889 2.7154538485295403e+64 31
1757529968981 1.5847691191108901e+66 32
1757529969059 9.248889139646111e+67 33
1757529969131 5.397754744581072e+69 34
1757529969211 3.150189805795662e+71 35
1757529969287 1.8384858672027604e+73 36
1757529969361 1.072960834831529e+75 37
1757529969433 6.261918971582732e+76 38
1757529969506 3.6545256764031293e+78 39
1757529969579 2.1328219001393586e+80 40
1757529969656 1.2447386228768358e+82 41
1757529969733 7.264433280528892e+83 42
1757529969810 4.239604196203807e+85 43
1757529969883 2.4742802427060477e+87 44
1757529969963 1.4440175158160433e+89 45
1757529970047 8.427447101558023e+90 46
1757529970133 4.918352019395197e+92 47
1757529970210 2.8704050343094483e+94 48
1757529970301 1.6752003574567676e+96 49
1757529970379 9.776655921656078e+97 50
1757529970461 5.705765318457979e+99 51
1757529970538 3.3299482082829986e+101 52
1757529970612 1.9433948735984623e+103 53
1757529970683 1.1341868997644847e+105 54
1757529970757 6.6192411077809585e+106 55
1757529970840 3.8630628560456164e+108 56
1757529970923 2.2545265215096973e+110 57
1757529971004 1.3157667958304075e+112 58
1757529971079 7.678961611196864e+113 59
1757529971154 4.48152754827804e+115 60
1757529971229 2.6154694062658085e+117 61
1757529971302 1.526417084670349e+119 62
1757529971376 8.908340165599853e+120 63
1757529971459 5.199006569241747e+122 64
1757529971538 3.034198156396813e+124 65
1757529971625 1.7707918483404682e+126 66
1757529971698 1.0334538512385002e+128 67
1757529971774 6.031351813826187e+129 68
1757529971854 3.5199641143675307e+131 69
1757529971941 2.054290273373241e+133 70
1757529972024 1.198906690568401e+135 71
1757529972110 6.996953017401164e+136 72
1757529972225 4.083499734621429e+138 73
1757529972356 2.3831759397530976e+140 74
1757529972453 1.3908480296116815e+142 75
1757529972556 8.117144056410377e+143 76
1757529972674 4.737255705133646e+145 77
1757529972823 2.7647152076965323e+147 78
1757529972914 1.6135185971458644e+149 79
1757529972997 9.416674296462703e+150 80
1757529973097 5.495676031408347e+152 81
1757529973188 3.2073377597376907e+154 82
1757529973301 1.87183804981368e+156 83
1757529973427 1.0924255401828433e+158 84
1757529973542 6.375517160592863e+159 85
1757529973663 3.720822845116825e+161 86
1757529973757 2.1715136664232332e+163 87
1757529973841 1.2673195687484575e+165 88
1757529973920 7.396218196398591e+166 89
1757529973996 4.316515341332645e+168 90
1757529974071 2.519166443877041e+170 91
1757529974152 1.4702136029005286e+172 92
1757529974241 8.58033038431207e+173 93
1757529974325 5.007576406496511e+175 94
1757529974436 2.922477380678488e+177 95
1757529974538 1.7055903589403106e+179 96
1757529974634 9.954015356090677e+180 97
1757529974740 5.809274260371027e+182 98
1757529974833 3.3903571799856366e+184 99
1757529974925 1.9786502225057666e+186 100
1757529975012 1.154762314169714e+188 101
1757529975095 6.739321518574816e+189 102
1757529975182 3.933143121611291e+191 103
1757529975280 2.2954261452641896e+193 104
1757529975376 1.3396362719198153e+195 105
1757529975465 7.818266532973864e+196 106
1757529975621 4.5628274526354465e+198 107
1757529975900 2.6629169362181467e+200 108
1757529976095 1.5541079917676271e+202 109
1757529976258 9.069947384487767e+203 110
1757529976392 5.293322342664897e+205 111
1757529976516 3.089241892546855e+207 112
1757529976651 1.8029159860047143e+209 113
1757529976781 1.052201855877187e+211 114
1757529976904 6.140767257629174e+212 115
1757529977026 3.5838201863779875e+214 116
1757529977137 2.0915573884246333e+216 117
1757529977258 1.2206561941085848e+218 118
1757529977379 7.123885543192914e+219 119
1757529977500 4.157578970839873e+221 120
1757529977619 2.426409407333441e+223 121
1757529977739 1.4160795629594232e+225 122
1757529977850 8.264398096095046e+226 123
1757529977965 4.823194803263773e+228 124
1757529978090 2.814870222820281e+230 125
1757529978199 1.6427896227534947e+232 126
1757529978316 9.58750326301944e+233 127
1757529978434 5.595373719511329e+235 128
1757529978559 3.265522441255263e+237 129
1757529978714 1.905795278187973e+239 130
1757529978861 1.1122433569825384e+241 131
1757529978992 6.491176147356191e+242 132
1757529979133 3.788322718358808e+244 133
1757529979255 2.210907344469254e+246 134
1757529979366 1.2903101581445304e+248 135
1757529979480 7.530393837515782e+249 136
1757529979591 4.394821740351196e+251 137
1757529979704 2.5648669307627074e+253 138
1757529979811 1.4968849162001277e+255 139
1757529979925 8.735987140202896e+256 140
1757529980039 5.098419423419928e+258 141
1757529980156 2.9754943774450007e+260 142
1757529980264 1.7365316689202486e+262 143
1757529980365 1.0134592288332028e+264 144
1757529980477 5.914660969850479e+265 145
1757529980594 3.4518620377604077e+267 146
1757529980714 2.0145451427341326e+269 147
1757529980836 1.1757109895234321e+271 148
1757529980946 6.861580321849358e+272 149
1757529981053 4.004494721298344e+274 150
1757529981164 2.3370677337759706e+276 151
1757529981284 1.3639387669078753e+278 152
1757529981402 7.960098601286428e+279 153
1757529981533 4.645602227866124e+281 154
1757529981658 2.7112252172438003e+283 155
1757529981779 1.582301242780977e+285 156
1757529981903 9.234486338436443e+286 157
1757529982036 5.389349109332229e+288 158
1757529982161 3.1452841834165214e+290 159
1757529982291 1.8356228913283195e+292 160
1757529982417 1.0712899702145386e+294 161
1757529982530 6.252167619525474e+295 162
1757529982638 3.6488346787018633e+297 163
1757529982815 2.1295005704769984e+299 164
1757529982955 1.2428002578826547e+301 165
1757529983070 7.25312076646789e+302 166
1757529983185 4.2330020869640907e+304 167
