1757529951698 1019576141181.1992 0
1757529951786 4126145864740.5854 1
1757529951877 1.301662595224956e+16 2
1757529951963 5.272761855877126e+19 3
1757529952048 2.135933836841642e+23 4
1757529952130 8.652416898864172e+26 5
1757529952216 3.504992378562039e+30 6
1757529952291 1.4198312121771576e+34 7
1757529952367 5.751569342640103e+37 8
1757529952448 2.3298931323302925e+41 9
1757529952526 9.438123205497358e+44 10
1757529952603 3.8232727675820054e+48 11
1757529952705 1.5487628564564645e+52 12
1757529952826 6.273856277997676e+55 13
1757529952912 2.541465430480985e+59 14
1757529953030 1.029517771546933e+63 15
1757529953112 4.170455475093244e+66 16
1757529953195 1.689402490216488e+70 17
1757529953274 6.843570902494441e+73 18
1757529953351 2.7722501280004026e+77 19
1757529953432 1.1230059396910725e+81 20
1757529953517 4.5491650549262755e+84 21
1757529953593 1.8428132893629438e+88 22
1757529953668 7.465020016750581e+91 23
1757529953746 3.023991859194317e+95 24
1757529953829 1.2249835558316424e+99 25
1757529953905 4.962264390677739e+102 26
1757529953986 2.010154974388295e+106 27
1757529954062 8.142901512158504e+109 28
1757529954141 3.2985936846431935e+113 29
1757529954223 1.3362215274397559e+117 30
1757529954305 5.412876337894802e+120 31
1757529954381 2.1926925773662506e+124 32
1757529954458 8.8823398849473e+127 33
1757529954537 3.598131477532129e+131 34
1757529954618 1.457560766341285e+135 35
1757529954697 5.9044073315367785e+138 36
1757529954776 2.3918060050569705e+142 37
1757529954860 9.688924975197458e+145 38
1757529954965 3.9248696163704627e+149 39
1757529955056 1.589918545653113e+153 40
1757529955130 6.440573137176819e+156 41
1757529955208 2.6090004704161675e+160 42
1757529955285 1.0568754223658352e+164 43
1757529955391 4.2812781027317604e+167 44
1757529955490 1.7342954339783863e+171 45
1757529955583 7.025426940611726e+174 46
1757529955662 2.8459178713658554e+178 47
1757529955742 1.1528478765810582e+182 48
1757529955824 4.670051233416629e+185 49
1757529955907 1.8917828592801972e+189 50
1757529955990 7.663389988225162e+192 51
1757529956068 3.104349202845348e+196 52
1757529956148 1.2575353711626059e+200 53
1757529956228 5.0941279681925546e+203 54
1757529956305 2.0635713596135576e+207 55
1757529956385 8.359285009732973e+210 56
1757529956474 3.386248095972421e+214 57
1757529956553 1.3717292991118094e+218 58
1757529956630 5.5567141470814975e+221 59
1757529956710 2.250959583087454e+225 60
1757529956792 9.118372675971533e+228 61
1757529956874 3.6937455866649435e+232 62
1757529956966 1.4962929180291533e+236 63
1757529957046 6.061306725149083e+239 64
1757529957126 2.4553641050930672e+243 65
1757529957207 9.946391367335405e+246 66
1757529957310 4.0291662253673993e+250 67
1757529957410 1.632167875975147e+254 68
1757529957517 6.611720207999877e+257 69
1757529957638 2.678330137012189e+261 70
1757529957749 1.0849600553496143e+265 71
1757529957844 4.395045649665097e+268 72
1757529957928 1.7803813299297617e+272 73
1757529958012 7.212115487819802e+275 74
1757529958096 2.92154320735897e+279 75
1757529958185 1.1834828112334556e+283 76
1757529958268 4.7941497526274644e+286 77
1757529958354 1.9420537106629896e+290 78
1757529958434 7.867031297954028e+293 79
1757529958516 3.1868419036598045e+297 80
1757529958602 1.2909521945798402e+301 81
1757529958684 inf 82
1757529958770 inf 83
