1757530154225 1053300215150.2063 0
1757530154322 859256508558.2034 1
1757530154423 649964459678.8308 2
1757530154527 495769212773.2544 3
1757530154622 397331915165.70557 4
1757530154721 336942059512.0065 5
1757530154805 300211117242.0005 6
1757530154887 278329210030.14825 7
1757530154983 265672515578.13187 8
1757530155064 258402786986.44534 9
1757530155140 254057141147.94174 10
1757530155221 251256176063.35422 11
1757530155300 249314114570.93036 12
1757530155374 247896282161.776 13
1757530155474 246819531692.35458 14
1757530155602 245969723115.0037 15
1757530155682 245273679033.00095 16
1757530155782 244686124202.08322 17
1757530155885 244179580282.39694 18
1757530155994 243736789952.66214 19
1757530156099 243346174478.44727 20
1757530156202 242999508267.3213 21
1757530156306 242690695421.76752 22
1757530156405 242415002059.84396 23
1757530156511 242168536512.99298 24
1757530156610 241947931092.63852 25
1757530156710 241750182575.6499 26
1757530156801 241572591138.41882 27
1757530156880 241412743811.3365 28
1757530156962 241268508658.2393 29
1757530157076 241138024255.6563 30
1757530157176 241019680381.86273 31
1757530157254 240912091464.1637 32
1757530157352 240814066093.6605 33
1757530157431 240724576835.87106 34
1757530157515 240642732719.13843 35
1757530157591 240567756006.747 36
1757530157670 240498963516.85962 37
1757530157750 240435751981.64474 38
1757530157828 240377586600.92987 39
1757530157911 240323991933.05942 40
1757530157990 240274544425.921 41
1757530158067 240228866101.20544 42
1757530158144 240186619090.52954 43
1757530158228 240147500852.80493 44
1757530158307 240111239977.5281 45
1757530158388 240077592512.3846 46
1757530158471 240046338763.07028 47
